Display,X Pos,Y Pos,Start Time (secs),Pupil Diameter
1,535,1250,1149.304,0.00451559154316783
1,720,810,1149.32,0.0044987197034061
1,505,795,1149.337,0.00451360596343875
1,495,790,1149.354,0.00463942252099514
1,485,1157,1149.37,0.00457644322887063
1,481,1164,1149.387,0.00456132600083947
1,424,1003,1149.404,0.00435752188786864
1,424,1006,1149.42,0.00428492575883865
1,444,1142,1149.437,0.00425700610503554
1,442,1145,1149.453,0.00420908816158772
1,441,1142,1149.47,0.00428355718031526
1,444,1139,1149.487,0.00429375749081373
1,447,1134,1149.503,0.00432018795982003
1,447,1131,1149.52,0.00429739430546761
1,445,1130,1149.537,0.00437259068712592
1,447,1130,1149.553,0.00439802324399352
1,452,1133,1149.57,0.00446537137031555
1,455,1135,1149.587,0.00436339946463704
1,453,1134,1149.603,0.00439110212028027
1,451,1131,1149.62,0.00438331998884678
1,452,1129,1149.637,0.00441034324467182
1,450,1124,1149.653,0.00430110795423388
1,450,1124,1149.67,0.00420042406767607
1,451,1124,1149.687,0.00414208089932799
1,453,1123,1149.703,0.00419769156724215
-1,NaN,NaN,1149.72,0
-1,NaN,NaN,1149.737,0
-1,NaN,NaN,1149.753,0
-1,NaN,NaN,1149.77,0
-1,NaN,NaN,1149.787,0
-1,NaN,NaN,1149.803,0
1,626,931,1149.82,0
-1,NaN,NaN,1149.837,0
-1,NaN,NaN,1149.853,0.00430870475247502
1,543,386,1149.87,0.00401497026905417
1,715,387,1149.887,0.00390550051815808
1,533,408,1149.903,0.00384171307086945
1,523,416,1149.92,0.00381957250647247
1,508,426,1149.937,0.00380590604618192
1,502,432,1149.953,0.00383127457462251
1,505,436,1149.97,0.00385164190083742
1,511,439,1149.987,0.00383814540691674
1,518,441,1150.003,0.00380953028798103
1,529,439,1150.02,0.00381101132370532
1,535,438,1150.037,0.00384156033396721
1,551,430,1150.053,0.00385713903233409
1,696,374,1150.07,0.00387660739943385
1,657,391,1150.087,0.00390635477378964
1,668,384,1150.103,0.00392642198130488
-1,NaN,NaN,1150.12,0.0039144535548985
-1,NaN,NaN,1150.137,0.00390892568975687
-1,NaN,NaN,1150.153,0.00391148589551449
-1,NaN,NaN,1150.17,0.00390168162994087
-1,NaN,NaN,1150.187,0.00389661360532045
-1,NaN,NaN,1150.203,0.00388959562405944
-1,NaN,NaN,1150.22,0.00389048596844077
-1,NaN,NaN,1150.237,0.00388662191107869
-1,NaN,NaN,1150.253,0.00387424952350557
-1,NaN,NaN,1150.27,0.00386516493745148
-1,NaN,NaN,1150.287,0.00386232580058277
-1,NaN,NaN,1150.303,0.00386405852623284
-1,NaN,NaN,1150.32,0.00385525054298341
-1,NaN,NaN,1150.337,0.00384369026869535
-1,NaN,NaN,1150.353,0.00383496028371155
-1,NaN,NaN,1150.37,0.00383463501930237
-1,NaN,NaN,1150.386,0.00384207000024617
-1,NaN,NaN,1150.403,0.00385021045804024
-1,NaN,NaN,1150.42,0.0038613541983068
-1,NaN,NaN,1150.436,0.00385788967832923
-1,NaN,NaN,1150.453,0.00387052819132805
-1,NaN,NaN,1150.47,0.00387749704532325
-1,NaN,NaN,1150.486,0.00389738893136382
-1,NaN,NaN,1150.503,0.00391168193891644
-1,NaN,NaN,1150.52,0.00390265043824911
-1,NaN,NaN,1150.536,0.00391265004873276
-1,NaN,NaN,1150.553,0.00390141503885388
-1,NaN,NaN,1150.57,0.00391145562753081
-1,NaN,NaN,1150.586,0.00394448777660728
-1,NaN,NaN,1150.603,0.00395926740020514
-1,NaN,NaN,1150.62,0.00394980702549219
1,443,409,1150.636,0.00393947307020426
1,437,418,1150.653,0.00396048696711659
1,430,424,1150.67,0.00397311756387353
1,427,431,1150.686,0.00397957861423492
1,422,438,1150.703,0.00395824294537306
1,426,441,1150.72,0.00408197334036231
-1,NaN,NaN,1150.736,0
1,441,419,1150.753,0
-1,NaN,NaN,1150.77,0
-1,NaN,NaN,1150.786,0
-1,NaN,NaN,1150.803,0
-1,NaN,NaN,1150.82,0
-1,NaN,NaN,1150.836,0
-1,NaN,NaN,1150.853,0
1,215,930,1150.87,0.00459472881630063
1,215,930,1150.886,0.00451909238472581
1,215,930,1150.903,0.0044266558252275
1,418,922,1150.92,0.00437350617721677
1,516,560,1150.936,0.00428402563557029
1,517,572,1150.953,0.00427355384454131
1,523,583,1150.97,0.00427512917667627
1,519,582,1150.986,0.0042359153740108
1,526,597,1151.003,0.00424958672374487
1,524,599,1151.02,0.00425555696710944
1,523,604,1151.036,0.00427854852750897
1,523,613,1151.053,0.00430541392415762
1,522,622,1151.07,0.00431628758087754
1,524,632,1151.103,0.0043491879478097
1,519,629,1151.17,0.00438427273184061
1,515,630,1151.22,0.00432948069646955
1,512,633,1151.253,0.00432770699262619
1,510,632,1151.27,0.00429174862802029
1,509,631,1151.353,0.00431873230263591
1,508,270,1151.37,0.00424071121960878
1,506,280,1151.386,0.00419168081134558
1,504,287,1151.403,0.00422168290242553
-1,NaN,NaN,1151.42,0
-1,NaN,NaN,1151.436,0
-1,NaN,NaN,1151.453,0
-1,NaN,NaN,1151.47,0
-1,NaN,NaN,1151.486,0
-1,NaN,NaN,1151.503,0
-1,NaN,NaN,1151.52,0
-1,NaN,NaN,1151.536,0
1,422,510,1151.553,0.00452080089598894
1,423,511,1151.569,0.00451687583699822
1,423,510,1151.586,0.00429813750088215
1,424,509,1151.603,0.00417724531143904
1,424,509,1151.619,0.00421183696016669
1,422,508,1151.636,0.00418506376445293
1,504,172,1151.653,0.00418087001889944
1,506,176,1151.669,0.00415707798674703
1,500,175,1151.686,0.00415156316012144
1,493,175,1151.703,0.00416476326063275
1,487,173,1151.719,0.00416308268904686
1,484,172,1151.736,0.00414954638108611
1,483,170,1151.753,0.00414083013311028
1,484,165,1151.769,0.00413776515051723
1,481,156,1151.786,0.00416209176182747
1,478,147,1151.803,0.00416542543098331
1,474,140,1151.819,0.00419435137882829
1,473,137,1151.836,0.00420517334714532
1,472,135,1151.853,0.00421049538999796
1,460,121,1151.869,0.0042153112590313
1,453,110,1151.886,0.00421288050711155
1,448,107,1151.919,0.00420306902378798
1,444,102,1151.953,0.00416566850617528
1,426,71,1151.986,0.00412327377125621
1,420,62,1152.003,0.00408689957112074
1,420,64,1152.019,0.00405680341646075
1,415,56,1152.053,0.00403312733396888
1,415,55,1152.069,0.00403720419853926
1,412,48,1152.136,0.00402240501716733
1,410,42,1152.153,0.00403090380132198
1,408,38,1152.186,0.00401038490235806
1,405,36,1152.219,0.00402119150385261
1,401,35,1152.252,0.00403093313798308
1,396,38,1152.269,0.00405267719179392
1,394,44,1152.286,0.00407961430028081
1,393,51,1152.302,0.00408370606601238
1,392,57,1152.319,0.00407795375213027
1,392,61,1152.336,0.00407639425247908
1,394,66,1152.369,0.00406992249190807
1,395,72,1152.536,0.00406892597675323
1,396,79,1152.636,0.00402003433555365
1,395,85,1152.652,0.00400141021236777
1,395,91,1152.669,0.00399312051013112
1,395,96,1152.686,0.00400380184873939
1,395,99,1152.719,0.00399695802479982
1,395,102,1152.752,0.0039904429577291
1,395,107,1152.769,0.00398700125515461
1,394,112,1152.786,0.00399019895121455
1,393,118,1152.802,0.00402816338464618
1,391,121,1152.819,0.0040561854839325
1,388,123,1152.836,0.00404938869178295
1,388,122,1152.852,0.00402375357225537
1,392,123,1152.869,0.00400560069829226
1,395,121,1152.886,0.00400827499106526
1,397,121,1152.902,0.00402456661686301
1,403,123,1152.919,0.00403205025941134
1,403,121,1152.936,0.00418805237859488
1,412,125,1152.952,0.00404136907309294
1,496,129,1153.052,0.00400183955207467
1,483,120,1153.069,0.00395010877400637
1,476,119,1153.086,0.00393469259142876
1,476,117,1153.102,0.00393974268808961
1,480,117,1153.135,0.00393388932570815
1,492,117,1153.152,0.00398517539724708
1,501,124,1153.169,0.00399119593203068
1,509,128,1153.185,0.00399982556700706
1,518,134,1153.202,0.00401758588850498
-1,NaN,NaN,1153.219,0
-1,NaN,NaN,1153.235,0
-1,NaN,NaN,1153.252,0
-1,NaN,NaN,1153.269,0
-1,NaN,NaN,1153.302,0
-1,NaN,NaN,1153.319,0
-1,NaN,NaN,1153.335,0
1,264,386,1153.352,0.00444944435730577
1,457,381,1153.385,0.00428580120205879
1,458,375,1153.402,0.00429154513403773
1,463,332,1153.419,0.0042764381505549
1,674,144,1153.485,0.00415022391825914
1,674,146,1153.569,0.00405130069702864
1,681,143,1153.585,0.00407945411279798
1,688,141,1153.635,0.00408472027629614
1,699,82,1153.652,0.00421681394800544
-1,NaN,NaN,1153.669,0
-1,NaN,NaN,1153.735,0
-1,NaN,NaN,1153.752,0
-1,NaN,NaN,1153.769,0
-1,NaN,NaN,1153.785,0
-1,NaN,NaN,1153.885,0
1,803,90,1153.902,0.00427947612479329
1,782,119,1153.919,0.00415246561169624
1,776,128,1153.969,0.00418722862377763
1,765,134,1153.985,0.00416218535974622
1,761,138,1154.002,0.00418839417397976
1,757,140,1154.101,0.00419730646535754
1,753,138,1154.117,0.00425126357004046
1,751,137,1154.122,0.00426408927887678
1,751,135,1154.138,0.00428499421104789
1,753,134,1154.155,0.00428333412855864
1,758,131,1154.238,0.0042767939157784
1,759,131,1154.254,0.00429339706897736
1,760,131,1154.271,0.00429011322557926
1,762,132,1154.288,0.004288365598768
1,765,132,1154.304,0.00422635674476624
1,769,129,1154.321,0.00421802327036858
1,773,128,1154.337,0.00421726377680898
1,776,127,1154.354,0.00420928234234452
1,777,126,1154.37,0.00421659462153912
1,779,125,1154.437,0.004210633225739
1,779,126,1154.453,0.00422277860343456
1,781,125,1154.486,0.00419416883960366
1,784,124,1154.503,0.00418861210346222
1,789,122,1154.52,0.00431479699909687
1,796,123,1154.536,0.00432697171345353
1,804,123,1154.553,0.00433205673471093
1,811,122,1154.569,0.00419025542214513
1,819,121,1154.586,0.00420049810782075
1,825,121,1154.619,0.00420331582427025
1,830,120,1154.652,0.00422423426061869
1,832,122,1154.669,0.00421716878190637
1,836,121,1154.685,0.00422006286680698
1,838,120,1154.702,0.00419719377532601
1,841,118,1154.718,0.00420576799660921
1,844,117,1154.735,0.00420973170548677
1,846,118,1154.768,0.00421772710978985
1,848,119,1154.785,0.00422012945637107
1,852,120,1154.818,0.00422911951318383
1,858,120,1154.851,0.0042432569898665
1,866,120,1154.867,0.00424935948103666
1,875,120,1154.901,0.00425862474367023
1,884,120,1154.917,0.00426961109042168
1,891,120,1154.934,0.00427903654053807
1,894,120,1154.983,0.00430490635335445
1,896,119,1155,0.00432803807780147
1,898,118,1155.016,0.00436132587492466
1,904,117,1155.033,0.00435619242489338
1,910,117,1155.051,0.004332659766078
1,917,117,1155.068,0.00432573026046157
1,924,118,1155.085,0.00431968457996845
1,941,117,1155.101,0.00433626445010304
1,948,117,1155.118,0.00433646189048886
1,951,118,1155.135,0.00434653088450432
1,962,119,1155.151,0.00435263849794865
1,965,121,1155.168,0.00433832313865423
1,971,121,1155.185,0.00434612669050694
1,977,121,1155.201,0.00433526793494821
1,982,122,1155.218,0.00434395438060164
1,986,123,1155.235,0.00434436835348606
1,987,126,1155.251,0.00436024600639939
1,988,126,1155.268,0.00436958996579051
1,990,128,1155.285,0.00438978290185332
1,995,128,1155.301,0.00440609361976385
1,1001,128,1155.318,0.00438802083954215
1,1006,128,1155.335,0.00437151966616511
1,1010,130,1155.351,0.00434909854084253
1,1014,132,1155.368,0.00435254629701376
1,1018,133,1155.385,0.00435767415910959
1,1022,134,1155.401,0.00437170593068004
1,1026,133,1155.418,0.00439607352018356
1,1030,133,1155.435,0.00439711008220911
1,1036,132,1155.451,0.00438890233635902
1,1036,134,1155.468,0.00436920486390591
1,1042,134,1155.485,0.00437439326196909
1,1047,133,1155.501,0.00436128629371524
1,1052,133,1155.518,0.00435154745355248
1,1053,134,1155.535,0.00434739422053099
1,1057,134,1155.551,0.00436966214329004
1,1063,134,1155.568,0.00438573397696018
1,1072,132,1155.585,0.00437662471085787
1,1079,130,1155.601,0.00440022442489862
1,1083,129,1155.618,0.00438435235992074
1,1084,130,1155.635,0.00437625125050545
1,1087,129,1155.651,0.00433294521644711
1,1090,127,1155.668,0.00432059122249484
1,1092,126,1155.685,0.00432351883500814
1,1094,125,1155.701,0.00434113945811987
1,1096,124,1155.718,0.00436843978241086
1,1098,126,1155.735,0.00436825165525079
1,1099,128,1155.751,0.00437253573909402
1,1100,129,1155.768,0.00437447894364595
1,1102,129,1155.785,0.00439241388812661
1,1103,129,1155.801,0.00438935868442059
1,1105,129,1155.818,0.0043839099816978
1,1106,129,1155.835,0.00439462810754776
1,1107,130,1155.851,0.0044119325466454
1,1108,129,1155.868,0.00443142373114824
1,1109,127,1155.885,0.00441574072465301
1,1109,128,1155.901,0.00440712319687009
1,1106,128,1155.918,0.00440280791372061
1,1104,129,1155.935,0.00441482570022345
1,1103,130,1155.951,0.00443285657092929
1,1104,131,1155.968,0.00442978506907821
1,1105,132,1155.985,0.0044291247613728
1,1103,133,1156.001,0.00441140355542302
1,1100,133,1156.018,0.00442778598517179
1,1097,133,1156.035,0.00444913608953357
1,1094,131,1156.051,0.00446502678096294
1,1089,129,1156.068,0.00446191010996699
1,1084,126,1156.085,0.00446214992552996
1,1077,125,1156.101,0.00446811504662037
1,1069,124,1156.118,0.00446897931396961
1,1061,125,1156.134,0.00445715337991714
1,1054,123,1156.151,0.00446486659348011
1,1046,123,1156.168,0.00444703549146652
-1,NaN,NaN,1156.185,0
-1,NaN,NaN,1156.201,0
-1,NaN,NaN,1156.218,0
-1,NaN,NaN,1156.235,0
-1,NaN,NaN,1156.251,0
-1,NaN,NaN,1156.268,0
-1,NaN,NaN,1156.285,0
-1,NaN,NaN,1156.301,0
1,864,550,1156.318,0
1,678,578,1156.335,0.00460898270830512
1,494,607,1156.351,0.00483016483485699
1,494,606,1156.368,0.00450705736875534
1,494,605,1156.384,0.00446970062330365
1,715,410,1156.401,0.00442454777657986
1,764,211,1156.418,0.00442907121032476
1,1032,149,1156.435,0.00443723192438483
1,1031,145,1156.451,0.00447468878701329
1,1029,144,1156.468,0.00450640404596925
1,1030,140,1156.484,0.00452440278604627
1,1031,136,1156.501,0.004538603592664
1,1031,133,1156.518,0.00451917061582208
1,1034,132,1156.534,0.00451473100110888
1,1038,132,1156.551,0.00451339967548847
1,1043,132,1156.568,0.00452468125149608
1,1047,132,1156.584,0.00454297056421638
1,1051,132,1156.601,0.00455181859433651
1,1054,131,1156.618,0.00456245290115476
1,1056,132,1156.634,0.00455077178776264
1,1056,134,1156.651,0.00453736167401075
1,1055,134,1156.668,0.00453697424381971
1,1055,136,1156.684,0.00454722251743078
1,1057,135,1156.701,0.00454429071396589
1,1059,135,1156.718,0.00454283645376563
1,1062,132,1156.734,0.0045320512726903
1,1064,131,1156.751,0.00453069759532809
1,1066,130,1156.768,0.00449739536270499
1,1071,129,1156.784,0.0044810501858592
1,1077,128,1156.801,0.00447116419672966
1,1082,128,1156.818,0.00444621685892344
1,1087,130,1156.834,0.00441489787772298
1,1091,131,1156.851,0.00437000347301364
1,1094,132,1156.868,0.00438544154167175
1,1097,131,1156.884,0.00438876496627927
1,1098,129,1156.901,0.00439459271728992
1,1101,128,1156.918,0.0043966700322926
1,1105,126,1156.934,0.00439440878108144
1,1110,124,1156.951,0.00440793111920357
1,1117,122,1156.968,0.00440755672752857
1,1126,120,1156.984,0.00441951910033822
1,1134,118,1157.001,0.0044107218272984
1,1141,118,1157.018,0.00441201776266098
1,1149,117,1157.034,0.00438770791515708
1,1156,117,1157.051,0.00437785405665636
1,1162,115,1157.068,0.00432249857112765
1,1164,111,1157.084,0.0043053301051259
1,1165,112,1157.101,0.00437873601913452
1,1168,111,1157.118,0.00431701773777604
1,1171,111,1157.134,0.00427999161183834
1,1172,111,1157.151,0.00429184408858418
1,1175,110,1157.168,0.00432446179911494
1,1180,107,1157.184,0.00433343322947621
1,1185,105,1157.201,0.00432990724220872
1,1195,104,1157.218,0.00432744016870856
1,818,159,1157.234,0.00431208871304989
1,803,158,1157.251,0.00431800819933414
1,401,148,1157.268,0.00431576510891318
1,390,146,1157.284,0.00433236174285412
1,391,144,1157.301,0.00436765607446432
1,394,144,1157.317,0.00437342654913664
1,394,144,1157.334,0.004370401147753
1,392,145,1157.351,0.00433134194463491
1,389,144,1157.368,0.00432920176535845
1,387,143,1157.384,0.00435147667303681
1,384,142,1157.401,0.00437948387116194
1,382,140,1157.418,0.00439114542677999
1,380,140,1157.434,0.00437185727059841
1,375,139,1157.451,0.00434250710532069
1,362,139,1157.468,0.00436858320608735
1,361,138,1157.484,0.00437299907207489
1,361,137,1157.501,0.00436552753672004
1,360,136,1157.517,0.00435886811465025
1,364,135,1157.534,0.00435673305764794
1,357,135,1157.551,0.0043476726859808
1,356,135,1157.567,0.00434073945507407
1,222,146,1157.584,0.00434611504897475
1,220,147,1157.601,0.00435331463813782
1,218,146,1157.617,0.00434634881094098
1,53,146,1157.634,0.00432703830301762
1,53,146,1157.651,0.00431307824328542
1,55,146,1157.667,0.00430850405246019
1,57,145,1157.684,0.00432207714766264
1,63,146,1157.701,0.00433997716754675
1,75,147,1157.717,0.00436231074854732
1,74,147,1157.734,0.00436539109796286
1,73,147,1157.751,0.00439252471551299
1,195,155,1157.767,0.00440777093172073
1,160,151,1157.784,0.00440839771181345
1,295,144,1157.801,0.00441829906776547
1,369,150,1157.817,0.00441239774227142
1,369,150,1157.834,0.00441196048632264
1,368,151,1157.851,0.00440962705761194
1,358,151,1157.867,0.00440138997510076
1,371,153,1157.884,0.00440938863903284
1,372,154,1157.901,0.00440539373084903
1,373,155,1157.917,0.00440693739801645
1,376,154,1157.934,0.004405802115798
1,382,154,1157.951,0.00439768563956022
1,388,153,1157.967,0.00438312673941255
1,393,152,1157.984,0.00436935108155012
1,397,152,1158.001,0.00436141528189182
1,401,151,1158.017,0.00435373792424798
1,405,151,1158.034,0.00434394693002105
1,416,150,1158.051,0.00434607034549117
1,422,150,1158.067,0.00435053091496229
1,424,150,1158.084,0.00434864871203899
1,427,150,1158.101,0.00434656348079443
1,431,149,1158.117,0.00433421181514859
1,436,150,1158.134,0.00433926936239004
1,441,150,1158.151,0.00433915806934237
1,449,151,1158.167,0.00435968721285462
1,458,151,1158.184,0.00436685793101788
1,467,151,1158.201,0.00437485659494996
1,476,152,1158.217,0.00438776984810829
1,485,150,1158.234,0.00438775587826967
1,495,149,1158.251,0.00438507040962577
1,502,149,1158.267,0.00437584146857262
1,507,150,1158.284,0.00437056925147772
1,512,151,1158.3,0.0043845665641129
1,517,153,1158.317,0.00439779413864017
1,522,154,1158.334,0.00440579978749156
1,526,155,1158.35,0.00441475445404649
1,530,156,1158.367,0.00442011561244726
1,535,155,1158.384,0.00442604254931211
1,542,154,1158.4,0.00441187852993608
1,550,155,1158.417,0.00440785055980086
1,557,156,1158.434,0.00440136762335896
1,561,157,1158.45,0.00440111430361867
1,564,158,1158.467,0.00440720934420824
1,567,157,1158.484,0.00443184562027454
1,569,155,1158.5,0.00445879437029362
1,569,152,1158.517,0.00446386588737369
1,569,151,1158.534,0.00445585185661912
1,570,150,1158.55,0.00444672955200076
1,569,151,1158.567,0.00444828206673265
1,568,152,1158.584,0.00444338284432888
1,568,152,1158.6,0.00444088783115149
1,568,152,1158.617,0.00442899623885751
1,568,151,1158.634,0.00443096365779638
1,568,150,1158.65,0.00442929891869426
1,568,148,1158.667,0.00444109505042434
1,569,147,1158.684,0.00445264019072056
1,570,147,1158.7,0.00445467513054609
1,572,147,1158.717,0.00446958839893341
1,571,147,1158.734,0.00446595903486013
1,570,147,1158.75,0.00446214340627193
1,571,147,1158.767,0.00444983411580324
1,575,147,1158.784,0.00443066982552409
1,579,148,1158.8,0.00442231353372335
1,584,149,1158.817,0.00439900811761618
1,587,152,1158.834,0.00441132392734289
1,589,154,1158.85,0.00442514009773731
1,591,155,1158.867,0.00444657821208239
1,592,156,1158.884,0.00444467272609472
1,593,156,1158.9,0.00443978561088443
1,592,157,1158.917,0.00443882774561644
1,591,158,1158.934,0.00444268109276891
1,590,159,1158.95,0.00445828167721629
1,588,159,1158.967,0.00446036644279957
1,586,160,1158.984,0.00446294853463769
1,586,161,1159,0.00446099229156971
1,584,161,1159.017,0.0044801440089941
1,581,161,1159.034,0.00447544269263744
1,579,159,1159.05,0.00446322420611978
1,579,162,1159.067,0.00444314302876592
1,579,164,1159.084,0.00444085011258721
1,575,163,1159.1,0.00444567482918501
1,569,162,1159.117,0.00444154301658273
1,563,161,1159.134,0.00444331811740994
1,557,160,1159.15,0.00444136466830969
1,552,159,1159.167,0.00444511882960796
1,548,158,1159.184,0.00446306029334664
1,545,156,1159.2,0.00447080796584487
1,543,153,1159.217,0.00448803184553981
1,542,152,1159.234,0.00448515499010682
1,543,149,1159.25,0.00448924535885453
1,546,148,1159.267,0.00450152764096856
1,549,147,1159.284,0.00449631549417973
1,552,148,1159.3,0.00450808508321643
1,554,149,1159.317,0.00449155829846859
1,555,149,1159.334,0.00449757184833288
1,556,151,1159.35,0.00448331981897354
1,559,153,1159.367,0.00448276568204165
1,559,152,1159.383,0.0044999229721725
1,558,152,1159.4,0.00450970325618982
1,558,151,1159.417,0.0045299637131393
1,561,151,1159.433,0.00451877946034074
1,565,151,1159.45,0.00450836680829525
1,569,150,1159.467,0.00449034012854099
1,573,150,1159.483,0.00446714088320732
1,577,151,1159.5,0.00445792870596051
1,579,154,1159.517,0.00444146245718002
1,581,157,1159.533,0.00444596912711859
1,582,159,1159.55,0.00445143831893802
1,584,162,1159.567,0.00446866685524583
1,585,164,1159.583,0.00446057040244341
1,587,165,1159.6,0.00446971971541643
1,590,165,1159.617,0.0044571147300303
1,594,165,1159.633,0.00447083031758666
1,598,163,1159.65,0.00445010047405958
1,602,161,1159.667,0.00444462709128857
1,606,159,1159.683,0.00443486124277115
1,611,158,1159.7,0.00442441459745169
1,617,156,1159.717,0.00442525884136558
1,621,154,1159.733,0.00440875394269824
1,625,154,1159.75,0.00440139137208462
1,628,155,1159.767,0.00438985880464315
1,631,158,1159.783,0.00438837055116892
1,636,159,1159.8,0.00439213076606393
1,640,159,1159.817,0.0043959729373455
1,647,159,1159.833,0.00438730325549841
1,653,158,1159.85,0.00437505031004548
1,661,157,1159.867,0.00436802953481674
1,669,157,1159.883,0.00436268514022231
1,675,159,1159.9,0.00435748929157853
1,680,160,1159.917,0.0044914479367435
1,699,153,1159.933,0
-1,NaN,NaN,1159.95,0
1,705,160,1159.966,0
1,724,176,1159.983,0
1,716,132,1160,0
1,686,176,1160.016,0.00453591113910079
1,751,165,1160.033,0.00445878598839045
1,756,164,1160.05,0.00450372556224465
1,914,150,1160.066,0.00451289024204016
1,912,150,1160.083,0.00447847507894039
1,910,154,1160.1,0.00443308101966977
1,794,242,1160.116,0.00440244330093265
1,792,240,1160.133,0.00438044965267181
1,796,239,1160.15,0.0043949750252068
1,802,239,1160.166,0.00440175505355001
1,806,236,1160.183,0.00442494777962565
1,807,231,1160.2,0.00442187674343586
1,806,227,1160.216,0.00442042015492916
1,806,224,1160.233,0.00441594840958714
1,806,223,1160.25,0.00440822076052427
1,807,220,1160.266,0.00441011227667332
1,809,218,1160.283,0.00441531138494611
1,811,215,1160.3,0.00444447621703148
1,812,213,1160.316,0.00444008689373732
1,812,210,1160.333,0.00444019120186567
1,813,210,1160.366,0.00443303771317005
1,815,209,1160.383,0.00444445991888642
1,817,209,1160.4,0.00444509973749518
1,821,205,1160.416,0.00443724542856216
1,825,201,1160.433,0.00442968122661114
1,831,196,1160.45,0.00441063521429896
1,837,191,1160.483,0.00439207395538688
1,842,188,1160.5,0.0043879821896553
1,846,182,1160.516,0.00439057685434818
1,849,178,1160.533,0.00440324330702424
1,852,175,1160.55,0.00439595244824886
1,857,173,1160.566,0.00437535578384995
1,863,171,1160.583,0.00437257951125503
1,870,169,1160.6,0.00437799748033285
1,877,167,1160.616,0.00437798863276839
1,882,166,1160.633,0.00435275211930275
1,888,164,1160.65,0.00434057461097836
1,895,163,1160.666,0.00434912461787462
1,903,163,1160.683,0.0043705808930099
1,912,161,1160.7,0.00437341257929802
1,922,159,1160.716,0.00437314435839653
1,930,157,1160.733,0.00434306403622031
1,938,155,1160.75,0.00432333070784807
1,944,155,1160.766,0.00431637605652213
1,950,154,1160.783,0.00431717094033957
1,956,155,1160.8,0.0043065482750535
1,962,154,1160.816,0.00430639274418354
1,969,154,1160.833,0.00429404713213444
1,976,154,1160.85,0.00430203089490533
1,983,155,1160.866,0.00427045114338398
1,985,158,1160.883,0.00427774945273995
1,983,158,1160.9,0.00426966277882457
1,987,157,1160.916,0.00423990981653333
1,990,157,1160.933,0.0042386706918478
1,979,159,1160.949,0.00420983228832483
1,987,158,1160.966,0.00421550823375583
1,990,157,1160.983,0.00420736335217953
1,983,159,1160.999,0.00421711849048734
1,971,161,1161.016,0.00420625135302544
1,975,162,1161.033,0.00417219009250402
1,885,153,1161.049,0.00417155819013715
1,860,158,1161.066,0.00415663560852408
1,877,183,1161.083,0.00416098767891526
1,850,162,1161.099,0.00414641667157412
1,853,191,1161.116,0.00415591197088361
1,835,141,1161.133,0.00416033435612917
1,830,144,1161.149,0.00416068313643336
1,829,147,1161.166,0.00418349448591471
1,824,150,1161.183,0.00418542185798287
1,825,151,1161.199,0.0042101158760488
1,822,153,1161.216,0.00419074203819036
1,820,155,1161.233,0.00419030245393515
1,820,158,1161.249,0.00417045410722494
1,822,159,1161.266,0.00418728357180953
1,823,160,1161.283,0.00419482262805104
1,823,160,1161.299,0.00419639656320214
1,822,162,1161.316,0.00418441975489259
1,822,162,1161.333,0.00418326491490006
1,821,162,1161.349,0.00419315649196506
1,821,161,1161.366,0.0041973665356636
1,820,160,1161.383,0.00419953046366572
1,820,159,1161.399,0.00418113172054291
1,820,159,1161.416,0.0041677188128233
1,821,158,1161.433,0.00415134755894542
1,818,157,1161.449,0.00415063044056296
1,811,173,1161.466,0.00415430730208755
1,812,170,1161.483,0.00414856616407633
1,813,167,1161.499,0.00416316045448184
1,814,164,1161.516,0.00416492763906717
1,814,163,1161.533,0.00417187344282866
1,849,146,1161.549,0.0041674766689539
1,847,145,1161.566,0.00417949957773089
1,847,145,1161.583,0.00417879363521934
1,845,143,1161.599,0.00417728675529361
1,845,142,1161.616,0.00417340360581875
1,717,136,1161.633,0.00416284240782261
1,716,137,1161.649,0.00414793798699975
1,499,131,1161.666,0.00414464203640819
1,503,130,1161.683,0.00413833558559418
1,510,131,1161.699,0.0041389656253159
1,516,131,1161.716,0.00411786092445254
1,516,131,1161.733,0.00411399640142918
1,514,131,1161.749,0.00409465935081244
1,510,131,1161.766,0.00410978589206934
1,504,130,1161.783,0.00411091186106205
1,494,128,1161.799,0.00412112940102816
1,487,127,1161.816,0.00411734497174621
1,481,126,1161.833,0.00412227306514978
1,476,126,1161.849,0.00410756235942245
1,472,125,1161.866,0.00408932287245989
1,467,126,1161.882,0.00407024193555117
1,462,125,1161.899,0.00406999932602048
1,457,126,1161.916,0.0040673054754734
1,445,125,1161.932,0.00407187826931477
1,447,124,1161.949,0.00407043285667896
1,444,124,1161.966,0.00406020320951939
1,448,124,1161.982,0.00411153538152575
1,438,123,1161.999,0.00414099870249629
1,430,122,1162.016,0.00413705455139279
1,435,124,1162.032,0.00411874987185001
1,895,138,1162.049,0.00412750849500299
1,911,136,1162.066,0.00412900885567069
1,916,135,1162.082,0.00415790174156427
1,922,133,1162.099,0.00416241586208344
1,927,132,1162.116,0.00417607231065631
1,931,129,1162.132,0.00418122950941324
1,934,128,1162.149,0.00419399933889508
1,938,127,1162.166,0.00418519321829081
1,946,127,1162.182,0.00419065169990063
1,948,127,1162.199,0.00419129664078355
1,953,127,1162.216,0.00420868489891291
1,960,126,1162.232,0.00421904306858778
1,969,126,1162.249,0.00423259474337101
1,974,125,1162.266,0.00424562767148018
1,1020,123,1162.282,0.00424772361293435
1,986,125,1162.299,0.00423474796116352
1,1049,127,1162.316,0.00424322998151183
1,1048,132,1162.332,0.00424301438033581
1,1058,130,1162.349,0.0042500770650804
1,1053,135,1162.366,0.00424780510365963
1,1060,134,1162.382,0.00425121933221817
1,1068,134,1162.399,0.00424588331952691
1,1074,133,1162.416,0.0042396318167448
1,1086,132,1162.432,0.00422265892848372
1,1089,132,1162.449,0.0042230011895299
1,1093,131,1162.466,0.00421285908669233
1,1100,128,1162.482,0.00421637203544378
1,1107,125,1162.499,0.00421698112040758
1,1112,123,1162.516,0.00422150734812021
1,1114,122,1162.532,0.00420612609013915
1,1112,122,1162.549,0.00420369440689683
1,1109,123,1162.566,0.00418476760387421
1,1105,125,1162.582,0.00418969569727778
1,1101,128,1162.599,0.00418148515745997
1,1105,126,1162.616,0.00419425498694181
1,1092,131,1162.632,0.00419763615354896
1,1088,132,1162.649,0.00420339731499553
1,1013,137,1162.666,0.0041890712454915
1,1013,133,1162.682,0.00418792059645057
1,1011,130,1162.699,0.00418005138635635
1,1005,128,1162.716,0.00418634479865432
1,993,129,1162.732,0.00417983857914805
1,976,137,1162.749,0.00417662318795919
1,981,134,1162.766,0.00417972356081009
1,958,143,1162.782,0.00419052550569177
1,958,144,1162.799,0.00419594533741474
1,959,145,1162.816,0.0041981153190136
1,958,145,1162.832,0.00419954722747207
1,959,145,1162.849,0.0041926191188395
1,957,146,1162.865,0.00417472096160054
1,959,147,1162.882,0.00415430031716824
1,964,146,1162.899,0.00414888141676784
1,969,146,1162.915,0.00415139691904187
1,974,145,1162.932,0.00415021646767855
1,977,145,1162.949,0.00414570048451424
1,981,144,1162.965,0.00413527805358171
1,986,144,1162.982,0.00412453897297382
1,990,144,1162.999,0.00412432849407196
1,994,145,1163.015,0.00412464188411832
1,999,146,1163.032,0.00412093661725521
1,1004,147,1163.049,0.00410699285566807
1,1011,148,1163.065,0.00411203783005476
1,1018,148,1163.082,0.00411568814888597
1,1025,147,1163.099,0.00412578601390123
1,1032,148,1163.115,0.00414486229419708
1,1037,149,1163.132,0.00416911439970136
1,1044,148,1163.149,0.00418780837208033
1,1052,147,1163.165,0.00417094025760889
1,1060,147,1163.182,0.0041571301408112
1,1066,148,1163.199,0.00414419546723366
1,1071,148,1163.215,0.00417799223214388
1,1073,148,1163.232,0.00420144852250814
1,1077,146,1163.249,0.00422012945637107
1,1078,146,1163.265,0.00421495176851749
1,1080,147,1163.282,0.00420858198776841
1,1082,149,1163.299,0.0041873543523252
1,1084,151,1163.315,0.00419654697179794
1,1088,152,1163.332,0.00420712772756815
1,1093,152,1163.349,0.00423976732417941
1,1099,152,1163.365,0.00423663994297385
1,1105,151,1163.382,0.00424126209691167
1,1110,151,1163.399,0.0042340368963778
1,1115,149,1163.415,0.0042352918535471
1,1120,148,1163.432,0.00423546368256211
1,1125,145,1163.449,0.0042424825951457
1,1131,142,1163.465,0.00425036624073982
1,1131,144,1163.482,0.00425067078322172
1,1133,144,1163.499,0.00426512071862817
1,1137,142,1163.515,0.00427423743531108
1,1140,141,1163.532,0.00428555998951197
1,1143,140,1163.549,0.00429000798612833
1,1147,139,1163.565,0.00428410526365042
1,1151,140,1163.582,0.00428637815639377
1,1156,139,1163.599,0.00428222399204969
1,1162,138,1163.615,0.00426757289096713
1,1169,136,1163.632,0.00426524644717574
1,1175,135,1163.649,0.00426377635449171
1,1182,133,1163.665,0.00429347064346075
1,1189,132,1163.682,0.00427813455462456
1,1194,132,1163.699,0.00430416408926249
1,1170,177,1163.715,0
-1,NaN,NaN,1163.732,0
-1,NaN,NaN,1163.749,0
-1,NaN,NaN,1163.765,0
-1,NaN,NaN,1163.782,0
-1,NaN,NaN,1163.798,0
-1,NaN,NaN,1163.815,0
1,777,447,1163.832,0
1,588,463,1163.848,0.00498063210397959
1,589,463,1163.865,0.00438361940905452
1,588,462,1163.882,0.00416878145188093
1,588,462,1163.898,0.00414930935949087
1,608,315,1163.915,0.00413709785789251
1,613,319,1163.932,0.00413429085165262
1,613,321,1163.948,0.00414745695888996
1,613,320,1163.965,0.00416342029348016
1,409,204,1163.982,0.0041867452673614
1,421,203,1163.998,0.00417577894404531
1,413,199,1164.015,0.00418358715251088
1,420,202,1164.032,0.00431392760947347
1,415,202,1164.048,0.00433544255793095
1,411,203,1164.065,0.00434653460979462
1,410,204,1164.082,0.00422632927075028
1,408,203,1164.098,0.00424425955861807
1,407,201,1164.115,0.00424125418066978
1,404,200,1164.132,0.00424470473080873
1,401,198,1164.148,0.00424030190333724
1,394,195,1164.165,0.00423461897298694
1,389,195,1164.182,0.00423556426540017
1,387,193,1164.198,0.00423215003684163
1,384,189,1164.215,0.00423203455284238
1,381,186,1164.232,0.00422548549249768
1,378,183,1164.248,0.00422184960916638
1,376,181,1164.265,0.00421371823176742
1,376,179,1164.282,0.00419817538931966
1,375,178,1164.298,0.00417433492839336
1,372,177,1164.315,0.00415837531909347
1,368,176,1164.332,0.00413990067318082
1,364,175,1164.348,0.00413313880562782
1,361,173,1164.365,0.00413680821657181
1,360,171,1164.382,0.00413240445777774
1,359,167,1164.398,0.00412502139806747
1,359,166,1164.415,0.00410195300355554
1,360,165,1164.432,0.00410083122551441
1,363,164,1164.448,0.00410693790763617
1,367,165,1164.465,0.00410638656467199
1,370,166,1164.482,0.0041084517724812
1,374,166,1164.498,0.00409173499792814
1,377,166,1164.515,0.0040810308419168
1,380,166,1164.532,0.00407038303092122
1,384,166,1164.548,0.00407387083396316
1,389,166,1164.565,0.00408292422071099
1,393,166,1164.582,0.00409655831754208
1,398,164,1164.598,0.00410254765301943
1,402,163,1164.615,0.00411137007176876
1,406,162,1164.632,0.00410014344379306
1,410,162,1164.648,0.00409556925296783
1,413,161,1164.665,0.00408083572983742
1,418,161,1164.682,0.00407681008800864
1,422,160,1164.698,0.00406456924974918
1,427,161,1164.715,0.00406588288024068
1,431,161,1164.732,0.00406387494876981
1,433,161,1164.748,0.00405579945072532
1,433,162,1164.765,0.00406048260629177
1,434,161,1164.782,0.00406665727496147
1,437,161,1164.798,0.00407605851069093
1,441,161,1164.815,0.00407883943989873
1,445,161,1164.831,0.00408552633598447
1,450,161,1164.848,0.00410176627337933
1,454,161,1164.865,0.00412232149392366
1,457,162,1164.881,0.00411837408319116
1,459,164,1164.898,0.00411475962027907
1,460,165,1164.915,0.00410927506163716
1,461,166,1164.931,0.00412213196977973
1,463,168,1164.948,0.00413518259301782
1,466,170,1164.965,0.00415588170289993
1,469,173,1164.981,0.0041729174554348
1,471,174,1164.998,0.00417401921004057
1,472,175,1165.015,0.00416478095576167
1,474,176,1165.031,0.00415872316807508
1,477,177,1165.048,0.0041491980664432
1,480,177,1165.065,0.00416194275021553
1,484,177,1165.081,0.00417683739215136
1,489,177,1165.098,0.00419079139828682
1,492,176,1165.115,0.00418112333863974
1,494,175,1165.131,0.00417532958090305
1,492,174,1165.148,0.00416917493566871
1,489,174,1165.165,0.00416847644373775
1,485,175,1165.181,0.00417405879124999
1,482,175,1165.198,0.00418588193133473
1,479,174,1165.215,0.00418245606124401
1,477,173,1165.231,0.00416414067149162
1,473,173,1165.248,0.00415727496147156
1,471,173,1165.265,0.00415675155818462
1,468,172,1165.281,0.00416948413476348
1,463,171,1165.298,0.00418307818472385
1,460,171,1165.315,0.00419760961085558
1,457,171,1165.331,0.00419254880398512
1,454,172,1165.348,0.00419136602431536
1,451,173,1165.365,0.0041881469078362
1,447,172,1165.381,0.0042063188739121
1,444,172,1165.398,0.00420247856527567
1,440,171,1165.415,0.00420654239133
1,436,172,1165.431,0.00420448929071426
1,434,173,1165.448,0.0042152595706284
1,434,174,1165.465,0.0042337654158473
1,437,174,1165.481,0.00424585258588195
1,442,175,1165.498,0.0042693242430687
1,448,176,1165.515,0.00427087349817157
1,454,178,1165.531,0.00427773408591747
1,460,179,1165.548,0.00427766470238566
1,466,179,1165.565,0.00427895365282893
1,472,180,1165.581,0.00427099643275142
1,479,182,1165.598,0.00426450790837407
1,486,184,1165.615,0.00426845159381628
1,493,186,1165.631,0.00428071804344654
1,500,188,1165.648,0.00427670776844025
1,505,187,1165.665,0.00426920969039202
1,513,188,1165.681,0.00427517015486956
1,521,188,1165.698,0.00429930305108428
1,530,189,1165.715,0.00430491985753179
1,541,188,1165.731,0.00428569735959172
1,552,188,1165.748,0.00428553018718958
1,562,189,1165.764,0.0042633106932044
1,568,189,1165.781,0.00426012044772506
1,573,189,1165.798,0.00426038587465882
1,577,189,1165.814,0.00427923910319805
1,582,187,1165.831,0.00428267568349838
1,587,186,1165.848,0.00427624490112066
1,591,185,1165.864,0.00426389463245869
1,596,184,1165.881,0.0042689573019743
1,600,184,1165.898,0.00426500011235476
1,604,183,1165.915,0.00427987845614553
1,606,182,1165.931,0.00427745003253222
1,610,181,1165.948,0.00428313948214054
1,617,181,1165.965,0.00427736435085535
1,625,179,1165.981,0.00425915280357003
1,635,180,1165.998,0.00423450581729412
1,642,180,1166.015,0.00421858998015523
1,647,181,1166.032,0.00421343138441443
1,652,182,1166.048,0.00420550210401416
1,655,184,1166.065,0.0042021069675684
1,659,186,1166.082,0.00419381354004145
1,662,188,1166.098,0.00420174794271588
1,666,187,1166.115,0.00419381121173501
1,670,187,1166.132,0.00419491855427623
1,673,187,1166.149,0.00418194988742471
1,676,190,1166.165,0.00416209967806935
1,681,192,1166.182,0.00413958402350545
1,687,194,1166.199,0.00414768327027559
1,695,194,1166.215,0.00414719106629491
1,702,195,1166.232,0.00413890462368727
1,711,196,1166.249,0.00413149129599333
1,719,197,1166.265,0.00413224892690778
1,725,198,1166.282,0.00414162408560514
1,729,200,1166.299,0.00414160778746009
1,733,200,1166.315,0.00413976702839136
1,736,201,1166.332,0.00413782196119428
1,740,199,1166.349,0.00432808417826891
1,771,207,1166.366,0
-1,NaN,NaN,1166.382,0
-1,NaN,NaN,1166.399,0
-1,NaN,NaN,1166.416,0
-1,NaN,NaN,1166.432,0
-1,NaN,NaN,1166.449,0
1,705,505,1166.466,0
1,505,521,1166.482,0.00456798868253827
1,307,536,1166.499,0.00443655857816339
1,307,535,1166.516,0.00428083213046193
1,307,535,1166.532,0.00419173296540976
1,690,105,1166.549,0.00417040707543492
1,1009,110,1166.566,0.00417287740856409
1,867,200,1166.582,0.00418194616213441
1,865,199,1166.599,0.00417739385738969
1,861,200,1166.616,0.00416518608108163
1,858,201,1166.632,0.00417183246463537
1,855,200,1166.649,0.00419229594990611
1,851,197,1166.665,0.00421660766005516
1,846,201,1166.682,0.0042100609280169
1,844,193,1166.699,0.00420780759304762
1,841,192,1166.715,0.00419993465766311
1,840,191,1166.732,0.00422114413231611
1,838,198,1166.749,0.00425177672877908
1,845,192,1166.765,0.00427294941619039
1,851,187,1166.782,0.0042812479659915
1,856,188,1166.799,0.00428686710074544
1,860,192,1166.815,0.0042823925614357
1,863,195,1166.832,0.00427456945180893
1,866,196,1166.849,0.00425909971818328
1,868,197,1166.865,0.0042301150970161
1,870,194,1166.882,0.00423177424818277
1,873,191,1166.898,0.00422037020325661
1,877,189,1166.915,0.00422011595219374
1,880,187,1166.932,0.00421294290572405
1,883,183,1166.948,0.00420327438041568
1,886,180,1166.965,0.00419964967295527
1,890,180,1166.982,0.00417686440050602
1,894,178,1166.998,0.00416584499180317
1,898,178,1167.015,0.00415199808776379
1,905,179,1167.032,0.0041397986933589
1,913,179,1167.048,0.00410138256847858
1,920,178,1167.065,0.0040889997035265
1,925,179,1167.082,0.00408599060028791
1,928,181,1167.098,0.00408935081213713
1,928,183,1167.115,0.00411409186199307
1,926,182,1167.132,0.00409594038501382
1,925,183,1167.148,0.00408554123714566
1,925,183,1167.165,0.0040528355166316
1,927,183,1167.182,0.00404732115566731
1,930,181,1167.198,0.00405159313231707
1,935,179,1167.215,0.00404261611402035
1,939,178,1167.232,0.00405482528731227
1,942,177,1167.248,0.00404554279521108
1,946,176,1167.265,0.00406114896759391
1,950,176,1167.282,0.00404963083565235
1,955,174,1167.298,0.00407448085024953
1,960,174,1167.315,0.00406594993546605
1,968,172,1167.332,0.00406034803017974
1,974,172,1167.348,0.00403674459084868
1,978,170,1167.365,0.00404129270464182
1,979,168,1167.382,0.00405358988791704
1,982,166,1167.398,0.00405657012015581
1,984,164,1167.415,0.00406474247574806
1,986,163,1167.432,0.00406016083434224
1,992,160,1167.448,0.0040686116553843
1,998,157,1167.465,0.00405561691150069
1,1003,154,1167.482,0.0040607494302094
1,1008,153,1167.498,0.00406856648623943
1,1011,153,1167.515,0.00407414929941297
1,1014,153,1167.532,0.00407068617641926
1,1016,153,1167.548,0.00407383497804403
1,1018,154,1167.565,0.00407136371359229
1,1021,154,1167.582,0.00407972931861877
1,1023,154,1167.598,0.00408555055037141
1,1025,154,1167.615,0.00408307556062937
1,1026,154,1167.632,0.00407282309606671
1,1026,155,1167.648,0.00407751277089119
1,1025,156,1167.665,0.00410267757251859
1,1025,158,1167.682,0.00408915523439646
1,1027,159,1167.698,0.00408602738752961
1,1030,160,1167.715,0.00407783314585686
1,1033,160,1167.732,0.00412533804774284
1,1037,160,1167.748,0.004146050196141
1,1040,160,1167.765,0.00416151154786348
1,1043,160,1167.782,0.00412471359595656
1,1045,161,1167.798,0.00410521123558283
1,1046,162,1167.815,0.00408380478620529
1,1047,161,1167.832,0.00409963866695762
1,1049,161,1167.848,0.00411361875012517
1,1052,161,1167.865,0.00411552796140313
1,1054,162,1167.881,0.00412198482081294
1,1054,166,1167.898,0.00412136036902666
1,1055,166,1167.915,0.00416841823607683
1,1056,165,1167.931,0.00422983570024371
1,1056,167,1167.948,0.00415653269737959
1,1076,169,1167.965,0.00416775047779083
1,1093,161,1167.981,0.00418978231027722
1,1107,155,1167.998,0.00420010322704911
1,1117,151,1168.015,0.00419990904629231
1,1123,147,1168.032,0.00419418234378099
1,1126,146,1168.048,0.00420844135805964
1,1128,146,1168.065,0.00422005075961351
1,1130,146,1168.081,0.00421833153814077
1,1130,148,1168.098,0.00419622240588069
1,1130,149,1168.115,0.00419769436120987
1,1132,150,1168.131,0.00420464994385839
1,1134,150,1168.148,0.00423243222758174
1,1136,151,1168.165,0.00423740316182375
1,1138,152,1168.181,0.00424977065995336
1,1141,153,1168.198,0.00426831981167197
1,1144,154,1168.215,0.00426408648490906
1,1147,155,1168.231,0.00426642410457134
1,1150,156,1168.248,0.00425831181928515
1,1154,156,1168.265,0.00428722659125924
1,1162,154,1168.281,0.00430059898644686
1,1166,154,1168.298,0.00431421957910061
1,1166,155,1168.315,0.00430798670276999
1,1165,156,1168.331,0.00430102879181504
1,1163,158,1168.348,0.00426988117396832
1,1157,159,1168.365,0.00428646244108677
1,1157,160,1168.381,0.00426286878064275
1,1157,160,1168.398,0.00422609131783247
1,1158,160,1168.415,0.00419790996238589
1,1160,159,1168.431,0.00419185729697347
1,1161,159,1168.448,0.00416505010798573
1,1160,159,1168.465,0.00413284404203296
1,1159,160,1168.481,0.00413437327370048
1,1160,161,1168.498,0.00415607215836644
1,1159,162,1168.515,0.00418396992608905
1,1157,163,1168.531,0.00419053807854652
1,810,167,1168.548,0.00418394152075052
1,806,167,1168.565,0.00417613331228495
1,445,207,1168.581,0.00417110091075301
1,441,207,1168.598,0.00417334213852882
1,429,208,1168.615,0.0041703199967742
1,423,208,1168.631,0.0041686580516398
1,412,210,1168.648,0.00414598453789949
1,411,212,1168.665,0.00414732191711664
1,410,214,1168.681,0.0041446085087955
1,408,216,1168.698,0.00417120289057493
1,410,217,1168.715,0.00415733549743891
1,403,218,1168.731,0.00417852587997913
1,398,219,1168.748,0.00417403550818563
1,396,220,1168.765,0.00417505437508225
1,393,221,1168.781,0.00415648380294442
1,388,221,1168.798,0.00415242463350296
1,383,222,1168.815,0.00414257170632482
1,377,224,1168.831,0.00414570374414325
1,374,227,1168.848,0.00412740325555205
1,373,230,1168.864,0.00412839511409402
1,374,231,1168.881,0.00411075772717595
1,378,231,1168.898,0.00410960661247373
1,382,230,1168.914,0.00410649226978421
1,387,229,1168.931,0.00410790834575891
1,393,228,1168.948,0.00410024588927627
1,400,227,1168.964,0.00408429652452469
1,406,227,1168.981,0.00407775864005089
1,410,225,1168.998,0.00407193042337894
1,415,224,1169.014,0.00407392764464021
1,421,223,1169.031,0.00407009804621339
1,428,222,1169.048,0.00407280866056681
1,434,221,1169.064,0.00408989377319813
1,440,219,1169.081,0.00410179095342755
1,448,217,1169.098,0.00410477165132761
1,458,216,1169.114,0.00407466711476445
1,468,214,1169.131,0.0040733814239502
1,477,213,1169.148,0.00406615808606148
1,486,213,1169.164,0.00407345686107874
1,493,211,1169.181,0.00407097302377224
1,498,210,1169.198,0.004071862436831
1,502,208,1169.214,0.00409042602404952
1,505,208,1169.231,0.00410228502005339
1,509,207,1169.248,0.00410929834470153
1,512,207,1169.264,0.00409000413492322
1,514,206,1169.281,0.00407393975183368
1,517,206,1169.298,0.00406941678375006
1,519,206,1169.314,0.00407169060781598
1,522,205,1169.331,0.00406939117237926
1,526,205,1169.348,0.00407851208001375
1,531,203,1169.364,0.00408943789079785
1,537,203,1169.381,0.00411255797371268
1,544,204,1169.398,0.00412678904831409
1,550,204,1169.414,0.00413875281810761
1,554,205,1169.431,0.00413477513939142
1,558,204,1169.448,0.00412277691066265
1,563,204,1169.464,0.00410966202616692
1,567,203,1169.481,0.00410946505144238
1,571,202,1169.498,0.00412736553698778
1,577,202,1169.514,0.00413860939443111
1,582,202,1169.531,0.00415376015007496
1,588,202,1169.548,0.0041416441090405
1,592,204,1169.564,0.00416579842567444
1,595,205,1169.581,0.0041507612913847
1,600,206,1169.598,0.00415110075846314
1,606,208,1169.614,0.0041103633120656
1,613,209,1169.631,0.00411860039457679
1,620,208,1169.648,0.00412613665685058
1,628,207,1169.664,0.00413823453709483
1,635,207,1169.681,0.00413953838869929
1,641,207,1169.698,0.00413223495706916
1,646,207,1169.714,0.00413291621953249
1,650,205,1169.731,0.00415462907403708
1,655,203,1169.748,0.00417665811255574
1,660,202,1169.764,0.00418919697403908
1,664,201,1169.781,0.004187420476228
1,669,199,1169.798,0.00419796584174037
1,674,198,1169.814,0.00420286925509572
1,679,197,1169.831,0.00418607564643025
1,684,196,1169.848,0.00417467020452023
1,690,195,1169.864,0.00417770352214575
1,697,195,1169.881,0.00419596256688237
1,706,195,1169.898,0.00419085985049605
1,716,197,1169.914,0.0041775438003242
1,724,198,1169.931,0.00416516838595271
1,731,199,1169.948,0.00416111154481769
1,737,199,1169.964,0.00417736731469631
1,741,199,1169.981,0.00419398630037904
1,744,199,1169.998,0.00421463698148727
1,748,200,1170.014,0.00421936577185988
1,751,200,1170.031,0.00422234553843737
1,754,201,1170.048,0.00421783933416009
1,756,202,1170.064,0.00421484373509884
1,759,205,1170.081,0.00422125030308962
1,761,207,1170.098,0.00424147304147482
1,763,209,1170.114,0.00424413895234466
1,766,209,1170.131,0.00426353188231587
1,771,209,1170.148,0.0042745596729219
1,776,210,1170.164,0.00427788775414228
1,782,211,1170.181,0.00425530690699816
1,788,211,1170.198,0.00423855241388083
1,792,211,1170.214,0.00423966394737363
1,796,210,1170.231,0.00424527982249856
1,798,208,1170.247,0.00426635565236211
1,801,206,1170.264,0.00425852788612247
1,804,206,1170.281,0.00424489798024297
1,807,207,1170.297,0.0042214528657496
1,811,209,1170.314,0.00422437814995646
1,816,208,1170.331,0.00423000799492002
1,822,209,1170.347,0.00422660540789366
1,827,210,1170.364,0.00421063648536801
1,829,212,1170.381,0.00422706734389067
1,828,212,1170.397,0.00421556644141674
1,825,212,1170.414,0.00419992860406637
1,824,212,1170.431,0.00420584762468934
1,823,212,1170.447,0.0041970950551331
1,822,212,1170.464,0.0041810623370111
1,818,215,1170.481,0.00415379926562309
1,811,217,1170.497,0.004130769520998
1,804,217,1170.514,0.00413606408983469
1,796,218,1170.531,0.00412050448358059
1,786,220,1170.547,0.00412562349811196
1,782,222,1170.564,0.00410370528697968
1,777,224,1170.58,0.00411343947052956
1,773,223,1170.597,0.00409573502838612
1,769,224,1170.614,0.00409567728638649
1,766,224,1170.63,0.00408921483904123
1,762,225,1170.647,0.00410341797396541
1,756,225,1170.664,0.00412152288481593
1,750,224,1170.68,0.00413024239242077
1,743,222,1170.697,0.00412766262888908
1,741,222,1170.714,0.00412015616893768
1,743,222,1170.73,0.00411037029698491
1,747,223,1170.747,0.00410166336223483
1,749,224,1170.764,0.00411805463954806
1,749,226,1170.78,0.00410301657393575
1,747,227,1170.797,0.0041031395085156
1,748,227,1170.814,0.00410814071074128
1,751,226,1170.83,0.00413007661700249
1,755,225,1170.847,0.0041377255693078
1,759,223,1170.864,0.00412729056552053
1,761,223,1170.88,0.0041186991147697
1,763,222,1170.897,0.0041163288988173
1,763,220,1170.914,0.00411129230633378
1,763,219,1170.93,0.00412314897403121
1,763,218,1170.947,0.00413461169227958
1,761,217,1170.964,0.00413771718740463
1,759,217,1170.98,0.00413953792303801
1,759,217,1170.997,0.00413685198873281
1,759,217,1171.014,0.0041611990891397
1,758,217,1171.03,0.00417304039001465
1,757,217,1171.047,0.00418210355564952
1,757,216,1171.064,0.00416071154177189
1,757,214,1171.08,0.0041651432402432
1,759,213,1171.097,0.00415696296840906
1,762,212,1171.114,0.00417771423235536
1,766,210,1171.13,0.00418878858909011
1,768,209,1171.147,0.0042102443985641
1,770,208,1171.164,0.00419139349833131
1,772,208,1171.18,0.00419497070834041
1,773,206,1171.197,0.00419761892408133
1,774,204,1171.214,0.00421316362917423
1,777,203,1171.23,0.00421619089320302
1,779,202,1171.247,0.00421871757134795
1,782,202,1171.264,0.0042284382507205
1,786,201,1171.28,0.00422801077365875
1,789,200,1171.297,0.00422789808362722
1,794,199,1171.314,0.00424120482057333
1,799,197,1171.33,0.00426225876435637
1,805,196,1171.347,0.00426867557689548
1,812,195,1171.364,0.00428700353950262
1,818,194,1171.38,0.00428806152194738
1,822,193,1171.397,0.00429147761315107
1,826,193,1171.414,0.00428087078034878
1,828,194,1171.43,0.00427374942228198
1,832,196,1171.447,0.0042974897660315
1,836,198,1171.464,0.00429962296038866
1,841,199,1171.48,0.00430928263813257
1,845,200,1171.497,0.004304732196033
1,848,201,1171.514,0.00432037236168981
1,851,201,1171.53,0.00432063871994615
1,854,202,1171.547,0.0043167844414711
1,856,203,1171.564,0.00430328259244561
1,859,205,1171.58,0.00430913176387548
1,861,206,1171.597,0.00432779267430305
1,865,207,1171.614,0.00435082567855716
1,869,206,1171.63,0.00436372170224786
1,875,205,1171.647,0.00436312519013882
1,880,205,1171.664,0.00435322197154164
1,884,205,1171.68,0.00432402826845646
1,888,206,1171.697,0.0043159662745893
1,893,207,1171.713,0.00430386699736118
1,898,209,1171.73,0.00431934511289001
1,903,208,1171.747,0.00431211246177554
1,907,207,1171.763,0.0043110097758472
1,912,206,1171.78,0.00427724979817867
1,915,206,1171.797,0.00427419599145651
1,919,205,1171.813,0.00429129740223289
1,923,204,1171.83,0.00430392008274794
1,928,203,1171.847,0.00429797265678644
1,932,203,1171.863,0.0043044937774539
1,936,201,1171.88,0.004323435947299
1,938,200,1171.897,0.00434446660801768
1,940,197,1171.913,0.00431436067447066
1,941,195,1171.93,0.00429794192314148
1,943,194,1171.947,0.00428185658529401
1,942,195,1171.963,0.00429419614374638
1,940,195,1171.98,0.00429473631083965
1,936,196,1171.997,0.00430445000529289
1,932,197,1172.013,0.00429319962859154
1,928,197,1172.03,0.00430342694744468
1,925,198,1172.047,0.00429721735417843
1,923,197,1172.063,0.00430864607915282
1,921,197,1172.08,0.0042960699647665
1,919,198,1172.097,0.00428633159026504
1,919,198,1172.113,0.00428528850898147
1,920,198,1172.13,0.00428332900628448
1,922,198,1172.147,0.00429767789319158
1,924,197,1172.163,0.00430799880996346
1,926,196,1172.18,0.00432267133146524
1,929,196,1172.197,0.0043202112428844
1,932,196,1172.213,0.00430723140016198
1,936,197,1172.23,0.00428390363231301
1,942,198,1172.247,0.00427562184631824
1,947,198,1172.263,0.00427443953230977
1,951,198,1172.28,0.00427605072036386
1,955,197,1172.297,0.00427214102819562
1,961,197,1172.313,0.00428587896749377
1,968,198,1172.33,0.00430481228977442
1,975,197,1172.347,0.0043083569034934
1,981,196,1172.363,0.00430893851444125
1,986,197,1172.38,0.00431461120024323
1,990,198,1172.397,0.0043306308798492
1,994,198,1172.413,0.00434371875599027
1,997,198,1172.43,0.00434604845941067
1,999,197,1172.446,0.00435594283044338
1,999,196,1172.463,0.0043498957529664
1,998,196,1172.48,0.00434178160503507
1,998,197,1172.497,0.00434706127271056
1,999,196,1172.513,0.00436387490481138
1,1001,197,1172.53,0.00435953633859754
1,1002,196,1172.547,0.00434296671301126
1,1004,196,1172.563,0.00431655207648873
1,1005,196,1172.58,0.00431097764521837
1,1006,197,1172.596,0.00430622138082981
1,1009,197,1172.613,0.00431291293352842
1,1012,198,1172.63,0.00435193860903382
1,1015,199,1172.646,0.00460665393620729
-1,NaN,NaN,1172.663,0
-1,NaN,NaN,1172.68,0
-1,NaN,NaN,1172.696,0
1,1025,169,1172.713,0.00479391310364008
1,1011,72,1172.73,0.00473280716687441
1,1048,225,1172.746,0
1,752,203,1172.763,0
1,1052,255,1172.78,0
1,942,350,1172.796,0.00422820914536715
1,1084,293,1172.813,0.00436523230746388
1,1080,287,1172.83,0.00440850201994181
1,1082,275,1172.846,0.00440155947580934
1,1082,278,1172.863,0.00439232308417559
1,1082,282,1172.88,0.00435775145888329
1,1080,287,1172.896,0.00435925088822842
1,1081,290,1172.913,0.00435991259291768
1,1084,292,1172.93,0.00438006920740008
1,1085,294,1172.946,0.00437290873378515
1,1086,295,1172.963,0.00438320077955723
1,1085,293,1172.98,0.0043892259709537
1,1087,292,1172.996,0.00442250818014145
1,1104,270,1173.013,0.0044344998896122
1,1144,175,1173.03,0.00441812723875046
1,1144,176,1173.046,0.00440610153600574
1,1145,176,1173.063,0.00438525294885039
1,1149,174,1173.08,0.00437600584700704
1,1150,175,1173.096,0.0043730023317039
1,1152,175,1173.113,0.00436815107241273
1,1155,175,1173.13,0.00434846896678209
1,1159,174,1173.146,0.00430937297642231
1,1162,175,1173.163,0.00431509641930461
1,1165,174,1173.18,0.0043198736384511
1,1166,173,1173.196,0.00431827921420336
1,1168,172,1173.213,0.00427337270230055
1,1171,170,1173.23,0.00425493577495217
1,1173,170,1173.246,0.00425823172554374
1,1175,169,1173.263,0.00426666298881173
1,1177,168,1173.28,0.0042677610181272
1,1180,167,1173.296,0.00425582192838192
1,1183,167,1173.313,0.00422674184665084
1,1183,170,1173.33,0.00421317899599671
1,1181,175,1173.346,0.00420172046869993
1,1177,177,1173.363,0.00420564087107778
1,1178,177,1173.38,0.00419398117810488
1,1179,175,1173.396,0.00420041522011161
1,1178,176,1173.413,0.00416657468304038
1,1178,176,1173.43,0.00414342479780316
1,1178,176,1173.446,0.00415224814787507
1,1177,177,1173.463,0.00414110952988267
1,1175,178,1173.48,0.00413924921303988
1,1174,180,1173.496,0.00414958270266652
1,1172,183,1173.513,0.00415581371635199
1,797,229,1173.529,0.00416133645921946
1,795,231,1173.546,0.00416307430714369
1,441,241,1173.563,0.00417217565700412
1,439,240,1173.579,0.0041572405025363
1,437,239,1173.596,0.00415936158969998
1,434,237,1173.613,0.00415814947336912
1,431,236,1173.629,0.00418671313673258
1,429,234,1173.646,0.00419727480039001
1,427,233,1173.663,0.00421218387782574
1,425,233,1173.679,0.00420733820647001
1,421,234,1173.696,0.00418713828548789
1,418,235,1173.713,0.00418569846078753
1,414,235,1173.729,0.0041909390129149
1,401,234,1173.746,0.00420029787346721
1,394,232,1173.763,0.00420099217444658
1,390,231,1173.779,0.00421007443219423
1,386,229,1173.796,0.00420374004170299
1,384,229,1173.813,0.00418782280758023
1,382,231,1173.829,0.00415869057178497
1,380,232,1173.846,0.00414995895698667
1,378,232,1173.863,0.00414613680914044
1,376,232,1173.879,0.00415392126888037
1,375,233,1173.896,0.00416012201458216
1,373,234,1173.913,0.00416151061654091
1,374,234,1173.929,0.0041543785482645
1,374,235,1173.946,0.00414435844868422
1,375,237,1173.963,0.00412563188001513
1,375,240,1173.979,0.00412238715216517
1,376,241,1173.996,0.00410079164430499
1,379,241,1174.013,0.00411047320812941
1,382,240,1174.029,0.00409249542281032
1,388,239,1174.046,0.00408889120444655
1,394,241,1174.063,0.0040690079331398
1,400,243,1174.079,0.0040624812245369
1,405,246,1174.096,0.00406263815239072
1,410,249,1174.113,0.00405364437028766
1,414,250,1174.129,0.00405039498582482
1,418,249,1174.146,0.0040436927229166
1,421,248,1174.163,0.00406994996592402
1,424,246,1174.179,0.00408032583072782
1,428,245,1174.196,0.00407946575433016
1,432,243,1174.213,0.00406535901129246
1,437,242,1174.229,0.00405955594033003
1,441,242,1174.246,0.00409478042274714
1,445,242,1174.263,0.00409325864166021
1,449,241,1174.279,0.00409501791000366
1,454,241,1174.296,0.00406655017286539
1,459,242,1174.313,0.00406140414997935
1,464,245,1174.329,0.00403537275269628
1,469,249,1174.346,0.00401995051652193
1,473,254,1174.363,0.00397395109757781
-1,NaN,NaN,1174.379,0
-1,NaN,NaN,1174.396,0
-1,NaN,NaN,1174.413,0
-1,NaN,NaN,1174.429,0
-1,NaN,NaN,1174.446,0
-1,NaN,NaN,1174.463,0
-1,NaN,NaN,1174.479,0
-1,NaN,NaN,1174.496,0
-1,NaN,NaN,1174.513,0
-1,NaN,NaN,1174.529,0
1,542,350,1174.546,0.00399749493226409
1,539,362,1174.563,0.00405318848788738
1,542,365,1174.579,0.00410467060282826
1,516,343,1174.596,0.00414524786174297
1,517,325,1174.613,0.00418377248570323
1,523,301,1174.629,0.00421112636104226
1,533,285,1174.646,0.00420307507738471
1,557,268,1174.663,0.00419418653473258
1,584,281,1174.679,0.00420919572934508
1,608,285,1174.696,0.00419775350019336
1,609,285,1174.713,0.00421692803502083
1,609,276,1174.729,0.00420527951791883
1,609,269,1174.746,0.00422230828553438
1,608,263,1174.762,0.00423149904236197
1,609,258,1174.779,0.00424324162304401
1,610,255,1174.796,0.00425533019006252
1,613,253,1174.812,0.00425070617347956
1,616,251,1174.829,0.0042603905312717
1,619,252,1174.846,0.00426938524469733
1,622,254,1174.862,0.00425748247653246
1,623,255,1174.879,0.00424548098817468
1,623,255,1174.896,0.00421882560476661
1,623,254,1174.912,0.00420161988586187
1,625,255,1174.929,0.00418943911790848
1,626,256,1174.946,0.00417487928643823
1,626,255,1174.962,0.00415469007566571
1,626,255,1174.979,0.00413410970941186
1,626,257,1174.996,0.00411624042317271
1,626,257,1175.012,0.00410792417824268
1,627,256,1175.029,0.00408877478912473
1,629,255,1175.046,0.00409213453531265
1,630,255,1175.062,0.00410245172679424
1,632,256,1175.079,0.00411715125665069
1,634,257,1175.096,0.00409732386469841
1,636,256,1175.112,0.00406423816457391
1,638,255,1175.129,0.00406011939048767
1,639,255,1175.146,0.00406493060290813
1,640,256,1175.162,0.00405597593635321
1,642,255,1175.179,0.00404350273311138
1,642,254,1175.196,0.0040496364235878
1,642,253,1175.212,0.00406441325321794
1,644,252,1175.229,0.00405221479013562
1,645,250,1175.246,0.00405622739344835
1,645,250,1175.262,0.00406413106247783
1,646,249,1175.279,0.00407044030725956
1,647,249,1175.296,0.00406215013936162
1,650,248,1175.312,0.00405428605154157
1,653,247,1175.329,0.00403740676119924
1,657,246,1175.345,0.00402878131717443
1,660,246,1175.362,0.00403072685003281
1,660,245,1175.379,0.00404485035687685
1,661,243,1175.395,0.00404492346569896
1,663,243,1175.412,0.00406113779172301
1,665,243,1175.429,0.00403936207294464
1,668,242,1175.445,0.0040405010804534
1,670,242,1175.462,0.00403866590932012
1,673,241,1175.479,0.00403258949518204
1,675,241,1175.495,0.00403455551713705
1,676,240,1175.512,0.00403282884508371
1,679,240,1175.529,0.00404850114136934
1,682,240,1175.545,0.0040423353202641
1,685,242,1175.562,0.00406704843044281
1,689,243,1175.579,0.00408510351553559
1,693,244,1175.595,0.00411450723186135
1,696,244,1175.612,0.00411513121798635
1,699,244,1175.629,0.00412297248840332
1,704,245,1175.645,0.00411125645041466
1,708,244,1175.662,0.0041234721429646
1,712,243,1175.679,0.00413519470021129
1,717,240,1175.695,0.0041412259452045
1,722,239,1175.712,0.00414732191711664
1,727,237,1175.729,0.00412960257381201
1,729,237,1175.745,0.00414038589224219
1,732,237,1175.762,0.00414334749802947
1,735,238,1175.779,0.00415859371423721
1,738,239,1175.795,0.00415191054344177
1,741,239,1175.812,0.00415728380903602
1,745,240,1175.829,0.00418353267014027
1,747,240,1175.845,0.00419840309768915
1,749,240,1175.862,0.0042027672752738
1,750,241,1175.879,0.00420603388920426
1,750,243,1175.895,0.00420081848278642
1,750,245,1175.912,0.00419975444674492
1,750,245,1175.929,0.00422139139845967
1,750,245,1175.945,0.00423990190029144
1,748,244,1175.962,0.00424748985096812
1,744,246,1175.979,0.00424621347337961
1,739,249,1175.995,0.00426215259358287
1,735,253,1176.012,0.00427181646227837
1,732,257,1176.029,0.00427281018346548
1,729,260,1176.045,0.00429415004327893
1,727,262,1176.062,0.00431511085480452
1,728,262,1176.079,0.00434400700032711
1,730,263,1176.095,0.00435061706230044
1,733,263,1176.112,0.00434168661013246
1,737,265,1176.129,0.00435231439769268
1,744,265,1176.145,0.00435832748189569
1,747,266,1176.162,0.00435901898890734
1,754,265,1176.179,0.00435725040733814
1,763,262,1176.195,0.00435164058580995
1,770,260,1176.212,0.00433936854824424
1,783,256,1176.229,0.00432642502710223
1,791,255,1176.245,0.00430968636646867
1,797,254,1176.262,0.00430171750485897
1,801,253,1176.279,0.00428610248491168
1,810,252,1176.295,0.00427736062556505
1,812,252,1176.312,0.00427952082827687
1,828,247,1176.329,0.00428046518936753
1,833,246,1176.345,0.00429210532456636
1,846,243,1176.362,0.00427597854286432
1,859,240,1176.379,0.00426942761987448
1,871,240,1176.395,0.00426336983218789
1,882,241,1176.412,0.00426832213997841
1,890,240,1176.429,0.00427208794280887
1,895,239,1176.445,0.00427228910848498
1,900,236,1176.462,0.00427845353260636
1,904,233,1176.479,0.00428352132439613
1,908,232,1176.495,0.00426493678241968
1,912,232,1176.512,0.00425858376547694
1,918,232,1176.529,0.00425173575058579
1,926,231,1176.545,0.00427792873233557
1,934,230,1176.562,0.00430043553933501
1,943,229,1176.579,0.00432218797504902
1,952,227,1176.595,0.00430832058191299
1,960,227,1176.612,0.00429238937795162
1,968,226,1176.628,0.00427527166903019
1,975,226,1176.645,0.00429306970909238
1,981,225,1176.662,0.0043094358406961
1,986,224,1176.678,0.00431265914812684
1,990,224,1176.695,0.00429240753874183
1,992,223,1176.712,0.00427767308428884
1,994,222,1176.728,0.00427711103111506
1,998,221,1176.745,0.00430821860209107
1,1004,221,1176.762,0.00431030848994851
1,1014,221,1176.778,0.00430023204535246
1,1019,223,1176.795,0.00428248755633831
1,1026,224,1176.812,0.00427813548594713
1,1035,223,1176.828,0.00429593026638031
1,1046,221,1176.845,0.00430280994623899
1,1051,221,1176.862,0.00431805523112416
1,1055,221,1176.878,0.00431014504283667
1,1058,223,1176.895,0.00431706989184022
1,1063,223,1176.912,0.00431995000690222
1,1067,223,1176.928,0.00431383773684502
1,1072,222,1176.945,0.00430390471592546
1,1075,221,1176.962,0.00427759205922484
1,1080,220,1176.978,0.00430241925641894
1,1084,221,1176.995,0.00430106604471803
1,1089,223,1177.012,0.00432310625910759
1,1093,223,1177.028,0.00432433001697063
1,1097,221,1177.045,0.00432866765186191
1,1102,218,1177.062,0.004322265740484
1,1105,216,1177.078,0.00431633181869984
1,1109,213,1177.095,0.00431689480319619
1,1112,211,1177.112,0.00431547733023763
1,1117,209,1177.128,0.00432032393291593
1,1122,207,1177.145,0.00432786764577031
1,1127,205,1177.162,0.00433067185804248
1,1138,203,1177.178,0.0043208166025579
1,1137,203,1177.195,0.00429435959085822
1,1141,201,1177.212,0.0042862412519753
1,1145,199,1177.228,0.00428262585774064
1,1149,198,1177.245,0.00429700314998627
1,1154,196,1177.262,0.00430541671812534
1,1160,196,1177.278,0.00428729597479105
1,1167,195,1177.295,0.00427229283377528
1,1180,194,1177.311,0.00423919130116701
1,1180,196,1177.328,0.00424366444349289
1,1185,195,1177.345,0.00424162903800607
1,1192,196,1177.361,0.00426636636257172
1,1198,197,1177.378,0.00428270921111107
1,1202,197,1177.395,0.00429046573117375
1,1206,198,1177.411,0.00427790638059378
1,1211,200,1177.428,0.0042854524217546
1,1215,200,1177.445,0.00430705165490508
1,1219,201,1177.461,0.00432848418131471
1,1222,203,1177.478,0.0043235570192337
1,1221,204,1177.495,0.00431482261046767
1,1215,206,1177.511,0.00429817149415612
1,1216,207,1177.528,0.00429806346073747
1,1218,207,1177.545,0.00429251696914434
1,1227,207,1177.561,0.0042529865168035
1,1225,208,1177.578,0.00425494601950049
1,1225,209,1177.595,0.00427251728251576
1,1232,210,1177.611,0.00427157897502184
1,1224,211,1177.628,0.00427207862958312
1,1222,210,1177.645,0.00426418194547296
1,843,239,1177.661,0.0042436015792191
1,440,292,1177.678,0.00423440570011735
1,428,291,1177.695,0.00423770770430565
1,429,287,1177.711,0.00424721231684089
1,429,285,1177.728,0.00426042964681983
1,418,283,1177.745,0.0042536580003798
1,421,284,1177.761,0.00427202368155122
1,408,283,1177.778,0.00424132309854031
1,405,284,1177.795,0.00424684723839164
1,404,283,1177.811,0.0042192479595542
1,404,282,1177.828,0.00422244099900126
1,403,280,1177.845,0.00422184681519866
1,402,279,1177.861,0.00423042848706245
1,401,278,1177.878,0.0042233020067215
1,394,276,1177.895,0.00422017741948366
1,391,274,1177.911,0.00420292932540178
1,389,272,1177.928,0.00420993566513062
1,389,270,1177.945,0.00420385831966996
1,389,269,1177.961,0.00418869126588106
1,389,268,1177.978,0.0041835606098175
1,389,266,1177.995,0.0041744401678443
1,389,265,1178.011,0.00418845750391483
1,388,264,1178.028,0.00416776351630688
1,389,264,1178.045,0.00414082407951355
1,390,265,1178.061,0.00411479407921433
1,393,264,1178.078,0.00410464685410261
1,398,262,1178.095,0.00411213422194123
1,405,260,1178.111,0.00411468325182796
1,413,260,1178.128,0.00412686727941036
1,420,260,1178.145,0.00414052233099937
1,428,261,1178.161,0.00413828995078802
1,435,262,1178.178,0.00412132358178496
1,442,262,1178.195,0.00410801265388727
1,449,263,1178.211,0.00411054166033864
1,457,264,1178.228,0.00411152932792902
1,466,266,1178.245,0.00409925635904074
1,474,267,1178.261,0.00409605773165822
1,481,269,1178.278,0.00409518647938967
1,489,270,1178.295,0.00408874358981848
1,496,271,1178.311,0.00407218327745795
1,501,270,1178.328,0.00406519509851933
1,506,271,1178.344,0.00407337676733732
1,508,271,1178.361,0.00408598920330405
1,510,271,1178.378,0.00408463785424829
1,511,272,1178.394,0.00408712076023221
1,513,274,1178.411,0.00410057464614511
1,515,275,1178.428,0.00410888157784939
1,515,274,1178.444,0.00412094919010997
1,515,273,1178.461,0.00413303403183818
1,513,273,1178.478,0.00414612703025341
1,512,273,1178.494,0.00415837112814188
1,510,273,1178.511,0.00417475868016481
1,510,274,1178.528,0.00417983811348677
1,511,274,1178.544,0.00419745128601789
1,510,274,1178.561,0.00420742155984044
1,510,273,1178.578,0.00421400601044297
1,509,272,1178.594,0.00422548316419125
1,508,272,1178.611,0.00423195399343967
1,508,271,1178.628,0.00424616225063801
1,509,271,1178.644,0.00424834014847875
1,512,272,1178.661,0.00424606539309025
1,517,272,1178.678,0.00424400949850678
1,522,273,1178.694,0.00425506383180618
1,526,274,1178.711,0.00426550535485148
1,529,273,1178.728,0.00424735201522708
1,532,273,1178.744,0.00424004113301635
1,533,274,1178.761,0.00424710148945451
1,534,275,1178.778,0.00425328314304352
1,535,276,1178.794,0.00426480174064636
1,536,277,1178.811,0.00427648378536105
1,539,277,1178.828,0.00426037749275565
1,543,277,1178.844,0.00423619477078319
1,546,277,1178.861,0.00420988537371159
1,549,277,1178.878,0.00421655271202326
1,551,278,1178.894,0.00422441866248846
1,553,279,1178.911,0.00422284519299865
1,554,281,1178.928,0.00423764809966087
1,555,282,1178.944,0.00424531893804669
1,554,282,1178.961,0.00424868380650878
1,553,283,1178.978,0.00425090687349439
1,553,283,1178.994,0.00425044633448124
1,554,284,1179.011,0.0042722774669528
1,556,285,1179.028,0.00426644552499056
1,558,287,1179.044,0.00426283432170749
1,562,288,1179.061,0.00428716605529189
1,564,287,1179.078,0.00430181715637445
1,566,287,1179.094,0.00432654609903693
1,568,286,1179.111,0.00432011811062694
1,570,286,1179.128,0.00431094970554113
1,572,286,1179.144,0.00431275693699718
1,574,286,1179.161,0.00429884903132916
1,576,286,1179.178,0.00430151168256998
1,578,286,1179.194,0.00429004104807973
1,581,285,1179.211,0.00427877157926559
1,585,284,1179.228,0.00425051292404532
1,589,282,1179.244,0.00423687696456909
1,593,282,1179.261,0.00424572406336665
1,598,283,1179.278,0.00426024198532104
1,603,282,1179.294,0.00426320731639862
1,608,281,1179.311,0.00425779586657882
1,611,282,1179.327,0.00427408935502172
1,613,282,1179.344,0.00429729092866182
1,615,283,1179.361,0.00430413195863366
1,618,282,1179.378,0.00430318899452686
1,621,283,1179.394,0.00429888535290957
1,626,282,1179.411,0.00429580174386501
1,633,282,1179.427,0.0043059354647994
1,641,282,1179.444,0.00430751172825694
1,650,283,1179.461,0.00430834339931607
1,657,284,1179.477,0.00430792151018977
1,663,285,1179.494,0.00429356284439564
1,669,284,1179.511,0.0042808735743165
1,676,284,1179.527,0.00427403906360269
1,682,284,1179.544,0.00426002126187086
1,689,283,1179.561,0.00426227878779173
1,698,286,1179.578,0.00426831422373652
1,706,286,1179.594,0.00431040348485112
1,712,285,1179.611,0.00432590115815401
1,718,282,1179.627,0.00433281436562538
1,723,280,1179.644,0.00429624225944281
1,729,278,1179.661,0.00427366467192769
1,735,276,1179.677,0.00425277929753065
1,740,274,1179.694,0.00426173768937588
1,744,273,1179.711,0.00427152495831251
1,748,274,1179.727,0.00428098253905773
1,752,275,1179.744,0.00428654858842492
1,754,275,1179.761,0.00426785461604595
1,756,275,1179.777,0.00425197836011648
1,758,274,1179.794,0.004251838196069
1,760,271,1179.811,0.00425897445529699
1,761,269,1179.827,0.00426993565633893
1,761,269,1179.844,0.00425320118665695
1,760,270,1179.861,0.00424313545227051
1,759,271,1179.877,0.00423440802842379
1,756,269,1179.894,0.00424381718039513
1,755,268,1179.911,0.00426809955388308
1,757,268,1179.927,0.00426970701664686
1,761,270,1179.944,0.00425712997093797
1,765,272,1179.961,0.00423986557871103
1,769,274,1179.977,0.00423299707472324
1,772,275,1179.994,0.00427734805271029
1,773,274,1180.011,0.0042909006588161
1,774,273,1180.027,0.00426431698724627
1,775,271,1180.044,0.00427139643579721
1,777,268,1180.061,0.00427290657535195
1,780,266,1180.077,0.00428765313699842
1,784,265,1180.094,0.00427084742113948
1,787,265,1180.111,0.0042801103554666
1,789,265,1180.127,0.00428071804344654
1,791,265,1180.144,0.00427717110142112
1,795,264,1180.161,0.00426867185160518
1,799,262,1180.177,0.00426943600177765
1,805,261,1180.194,0.00427879532799125
1,811,259,1180.211,0.00427740160375834
1,825,259,1180.227,0.00427011772990227
1,823,255,1180.244,0.00427079619839787
1,827,254,1180.261,0.00427256571128964
1,837,252,1180.277,0.00427964376285672
1,836,250,1180.294,0.00427647214382887
1,843,247,1180.311,0.00427872175350785
1,847,244,1180.327,0.00428102817386389
1,851,243,1180.344,0.00428437115624547
1,853,241,1180.361,0.00428749294951558
1,854,242,1180.377,0.00427263276651502
1,860,242,1180.394,0.00426837196573615
1,866,241,1180.411,0.00426719710230827
1,872,241,1180.427,0.00427396688610315
1,878,241,1180.444,0.0042713494040072
1,884,241,1180.461,0.00425681145861745
1,890,242,1180.477,0.0042636264115572
1,896,243,1180.494,0.00425451807677746
1,903,243,1180.511,0.00425447337329388
1,910,247,1180.527,0.00423321267589927
1,917,248,1180.544,0.00422563916072249
1,923,249,1180.561,0.00421676924452186
1,926,250,1180.577,0.00421801721677184
1,929,251,1180.594,0.00421905005350709
1,931,252,1180.611,0.00423450209200382
1,933,253,1180.627,0.00423763878643513
1,936,255,1180.644,0.00422197673469782
1,941,257,1180.661,0.00420851586386561
1,945,260,1180.677,0.00421918975189328
1,950,262,1180.694,0.00423676101490855
1,953,262,1180.711,0.00422229990363121
1,956,261,1180.727,0.00421531544998288
1,956,262,1180.744,0.00421710917726159
1,957,262,1180.761,0.00421821931377053
1,957,262,1180.777,0.00421442091464996
1,958,261,1180.794,0.00420985277742147
1,958,261,1180.811,0.00420903181657195
1,957,260,1180.827,0.00420031417161226
1,955,257,1180.844,0.00418407004326582
1,955,255,1180.861,0.00418628379702568
1,957,253,1180.877,0.00419376930221915
1,962,252,1180.894,0.00422412203624845
1,966,249,1180.911,0.0042136418633163
1,970,247,1180.927,0.0042001991532743
1,976,246,1180.944,0.00416792370378971
1,983,244,1180.96,0.00416701845824718
1,988,243,1180.977,0.00416250433772802
1,992,242,1180.994,0.00415787659585476
1,997,241,1181.01,0.00416053738445044
1,1002,242,1181.027,0.00415938161313534
1,1010,242,1181.044,0.00415940210223198
1,1018,241,1181.06,0.00415312126278877
1,1034,240,1181.077,0.00415083626285195
1,1040,239,1181.094,0.00413984293118119
1,1038,239,1181.11,0.00422341702505946
-1,NaN,NaN,1181.127,0
-1,NaN,NaN,1181.144,0
-1,NaN,NaN,1181.16,0
-1,NaN,NaN,1181.177,0
-1,NaN,NaN,1181.194,0
-1,NaN,NaN,1181.21,0
-1,NaN,NaN,1181.227,0
-1,NaN,NaN,1181.244,0
-1,NaN,NaN,1181.26,0
1,737,502,1181.277,0
1,737,502,1181.294,0
1,738,501,1181.31,0
1,544,517,1181.327,0.00403599347919226
1,544,518,1181.344,0.00414190161973238
1,544,519,1181.36,0.00418747402727604
1,994,359,1181.377,0.00415819976478815
1,1169,253,1181.393,0.0041301641613245
1,1164,251,1181.41,0.00410250527784228
1,1157,251,1181.427,0.00410796934738755
1,1153,250,1181.443,0.00412246398627758
1,1151,249,1181.46,0.0041307620704174
1,1152,247,1181.477,0.00413545686751604
1,1153,245,1181.493,0.00415171729400754
1,1153,244,1181.51,0.00416819099336863
1,1154,242,1181.527,0.00418824329972267
1,1157,240,1181.544,0.0041976454667747
1,1160,238,1181.56,0.00421641999855638
1,1162,236,1181.577,0.00423921691253781
1,1163,234,1181.594,0.00424719369038939
1,1163,233,1181.61,0.0042362199164927
1,1162,232,1181.627,0.00423778221011162
1,1162,229,1181.643,0.00422442378476262
1,1162,224,1181.66,0.00423205178231001
1,1162,222,1181.677,0.00420798268169165
1,1161,222,1181.693,0.0041825738735497
1,1162,223,1181.71,0.00415591523051262
1,1164,223,1181.727,0.00413865270093083
1,1166,224,1181.743,0.00411600014194846
1,1168,223,1181.76,0.00410367269068956
1,1167,222,1181.777,0.00405732821673155
1,1163,221,1181.793,0.00405772496014833
1,1163,221,1181.81,0.00406649988144636
1,1163,221,1181.827,0.00408901972696185
1,1165,220,1181.843,0.00401635188609362
1,1159,221,1181.86,0.00399149395525455
1,1158,222,1181.877,0.00400477135553956
1,1154,224,1181.893,0.0040099648758769
1,1151,225,1181.91,0.00401452742516994
1,1147,228,1181.927,0.00402638548985124
1,1146,229,1181.943,0.00403620302677155
1,789,258,1181.96,0.00403348356485367
1,777,258,1181.977,0.00403306493535638
1,433,261,1181.993,0.00402250746265054
1,433,259,1182.01,0.00402391189709306
1,431,260,1182.027,0.00410754838958383
1,426,262,1182.043,0.00410133134573698
1,422,266,1182.06,0.0040809796191752
1,419,268,1182.077,0.00400113500654697
1,415,269,1182.093,0.00400185864418745
1,411,269,1182.11,0.00399714987725019
1,407,269,1182.127,0.00398356048390269
1,405,269,1182.143,0.00399296265095472
1,405,270,1182.16,0.00397247914224863
1,400,271,1182.177,0.00398022215813398
1,398,273,1182.193,0.00398390740156174
1,396,274,1182.21,0.0039961151778698
1,393,275,1182.227,0.00400292733684182
1,393,276,1182.243,0.00399102177470922
1,393,276,1182.26,0.00397684006020427
1,394,278,1182.277,0.00395975261926651
1,393,279,1182.293,0.00394806917756796
1,394,281,1182.31,0.00393598526716232
1,393,282,1182.327,0.00393360387533903
1,394,283,1182.343,0.00393517408519983
1,398,283,1182.36,0.00394008727744222
1,403,283,1182.377,0.00393377058207989
1,407,281,1182.393,0.00393250770866871
1,409,282,1182.41,0.00393327325582504
1,414,281,1182.426,0.00396388536319137
1,420,281,1182.443,0.00398495467379689
1,426,280,1182.46,0.00398636888712645
1,428,279,1182.476,0.00396109418943524
1,430,277,1182.493,0.00394852180033922
1,433,276,1182.51,0.00394486216828227
1,437,275,1182.526,0.00394938560202718
1,441,273,1182.543,0.00393904745578766
1,447,272,1182.56,0.00393284391611815
1,451,271,1182.576,0.00392364058643579
1,453,270,1182.593,0.00392780592665076
1,453,269,1182.61,0.00396920274943113
1,452,268,1182.626,0.00399003271013498
1,452,269,1182.643,0.00398039538413286
1,453,270,1182.66,0.00395904527977109
1,452,271,1182.676,0.00395668111741543
1,449,270,1182.693,0.0039686169475317
1,447,269,1182.71,0.00399241177365184
1,447,269,1182.726,0.00400868430733681
1,448,269,1182.743,0.00402237335219979
1,448,268,1182.76,0.00402131583541632
1,447,268,1182.776,0.00402503553777933
1,447,269,1182.793,0.00402530748397112
1,450,272,1182.81,0.00402866303920746
1,453,273,1182.826,0.00404293928295374
1,456,275,1182.843,0.00406267866492271
1,458,277,1182.86,0.00408590352162719
1,460,278,1182.876,0.00408976571634412
1,463,278,1182.893,0.00409198878332973
1,466,278,1182.91,0.00409693829715252
1,471,280,1182.926,0.00409755390137434
1,475,281,1182.943,0.00409984495490789
1,478,283,1182.96,0.00410171272233129
1,482,283,1182.976,0.00409759022295475
1,487,284,1182.993,0.00409189891070127
1,493,286,1183.01,0.00407525803893805
1,499,288,1183.026,0.00409727171063423
1,506,289,1183.043,0.00410869903862476
1,515,289,1183.06,0.00411213887855411
1,523,291,1183.076,0.00410229293629527
1,533,292,1183.093,0.00410478888079524
1,542,293,1183.11,0.00411033350974321
1,551,292,1183.126,0.00410587526857853
1,558,291,1183.143,0.00408298056572676
1,563,290,1183.16,0.00409005582332611
1,567,290,1183.176,0.00408743740990758
1,571,291,1183.193,0.00409915577620268
1,574,292,1183.21,0.0040941508486867
1,577,293,1183.226,0.00406885845586658
1,579,297,1183.243,0.00404061190783978
1,567,314,1183.26,0.00420042732730508
-1,NaN,NaN,1183.276,0
-1,NaN,NaN,1183.293,0
-1,NaN,NaN,1183.31,0
-1,NaN,NaN,1183.326,0
-1,NaN,NaN,1183.343,0
1,732,503,1183.36,0
1,715,485,1183.376,0
1,715,487,1183.393,0
-1,NaN,NaN,1183.41,0
-1,NaN,NaN,1183.426,0
-1,NaN,NaN,1183.443,0
1,547,517,1183.46,0.00403012707829475
1,550,514,1183.477,0.0040865889750421
1,704,506,1183.493,0.0040655704215169
1,716,499,1183.51,0.00404992559924722
1,706,356,1183.527,0.00404056813567877
1,708,351,1183.543,0.00404243357479572
1,709,348,1183.56,0.00404590927064419
1,707,355,1183.577,0.00416958751156926
1,708,354,1183.593,0.0044504888355732
1,707,353,1183.61,0.00443345261737704
1,704,359,1183.627,0.00418445933610201
1,695,395,1183.644,0.00408274354413152
1,694,373,1183.66,0.00410536909475923
1,696,367,1183.677,0.00412799464538693
1,693,344,1183.694,0.00414111046120524
1,692,337,1183.71,0.00414744531735778
1,694,339,1183.727,0.00415007025003433
1,693,336,1183.744,0.00416726944968104
1,692,328,1183.76,0.00417440570890903
1,692,325,1183.777,0.00419239373877645
1,692,321,1183.794,0.00418785912916064
1,690,313,1183.81,0.00418092682957649
1,690,308,1183.827,0.00416580261662602
1,690,304,1183.844,0.0041576293297112
1,691,301,1183.86,0.00414108438417315
1,691,298,1183.877,0.00411551631987095
1,691,296,1183.894,0.00410377979278564
1,691,295,1183.911,0.00408719107508659
1,691,294,1183.927,0.00408402318134904
1,692,294,1183.944,0.00406497018411756
1,694,292,1183.961,0.00406389310956001
1,694,293,1183.977,0.00407645618543029
1,694,291,1183.994,0.00408827280625701
1,694,289,1184.011,0.00411265809088945
1,695,287,1184.027,0.00408977176994085
1,696,285,1184.044,0.00408476078882813
1,695,287,1184.061,0.00416669389232993
1,695,287,1184.077,0.00416087778285146
1,695,287,1184.094,0.00417390558868647
1,696,287,1184.11,0.00406190613284707
1,697,286,1184.127,0.00406677974388003
1,699,286,1184.144,0.00406128400936723
1,700,285,1184.16,0.00405773334205151
1,700,284,1184.177,0.00405022269114852
1,701,283,1184.194,0.0040553673170507
1,702,283,1184.21,0.00404394837096334
1,703,283,1184.227,0.00403262162581086
1,705,283,1184.244,0.00401267874985933
1,708,281,1184.26,0.00400824239477515
1,711,279,1184.277,0.00402052327990532
1,715,277,1184.294,0.00402878737077117
1,720,275,1184.31,0.004040886182338
1,725,273,1184.327,0.0040429038926959
1,729,272,1184.343,0.00402911938726902
1,733,272,1184.36,0.00402107648551464
1,737,270,1184.377,0.00402468303218484
1,743,267,1184.393,0.00405364856123924
1,749,266,1184.41,0.00406388146802783
1,754,265,1184.427,0.00404705666005611
1,758,267,1184.443,0.00404691742733121
1,761,269,1184.46,0.00407338561490178
1,762,271,1184.477,0.00406666425988078
1,764,273,1184.493,0.00408971961587667
1,767,273,1184.51,0.00407432951033115
1,771,273,1184.527,0.0040697786025703
1,776,272,1184.543,0.00406330032274127
1,780,272,1184.56,0.0040674009360373
1,783,272,1184.577,0.00407592719420791
1,784,274,1184.593,0.00407210132107139
1,784,277,1184.61,0.00408458616584539
1,785,277,1184.627,0.00410272367298603
1,786,278,1184.643,0.00414048135280609
1,788,278,1184.66,0.00414343038573861
1,787,279,1184.677,0.00414614845067263
1,785,280,1184.693,0.00413457816466689
1,783,280,1184.71,0.0041281608864665
1,779,282,1184.727,0.00412681931629777
1,774,283,1184.743,0.00413061492145061
1,768,283,1184.76,0.00413508852943778
1,763,284,1184.777,0.00414581317454576
1,759,284,1184.793,0.00413916818797588
1,758,284,1184.81,0.00414801668375731
1,756,282,1184.827,0.00414502248167992
1,752,281,1184.843,0.0041478225030005
1,747,281,1184.86,0.00416054995730519
1,741,282,1184.877,0.00416301190853119
1,737,281,1184.893,0.00416016252711415
1,734,281,1184.91,0.00414019031450152
1,732,280,1184.927,0.00414410745725036
1,738,291,1184.943,0.00448771798983216
-1,NaN,NaN,1184.96,0
-1,NaN,NaN,1184.977,0
-1,NaN,NaN,1184.993,0
-1,NaN,NaN,1185.01,0
-1,NaN,NaN,1185.027,0
-1,NaN,NaN,1185.043,0
1,724,507,1185.06,0
1,539,520,1185.077,0.00420088181272149
1,611,501,1185.093,0.00411682762205601
1,613,489,1185.11,0.0040907459333539
1,613,479,1185.127,0.00406430149450898
1,648,347,1185.143,0.00407245475798845
1,880,347,1185.16,0.00408218055963516
1,875,344,1185.176,0.00409030076116323
1,867,343,1185.193,0.00409274362027645
1,863,341,1185.21,0.00411499105393887
1,863,336,1185.226,0.00412435131147504
1,867,332,1185.243,0.00411416776478291
1,873,328,1185.26,0.00412629405036569
1,880,323,1185.277,0.00413988344371319
1,887,318,1185.293,0.00416898960247636
1,892,317,1185.31,0.00418543256819248
1,901,306,1185.327,0.00420934287831187
1,900,306,1185.343,0.0042065572924912
1,906,291,1185.36,0.00422708224505186
1,908,294,1185.377,0.00422807410359383
1,910,292,1185.393,0.00425222236663103
1,914,291,1185.41,0.00424285000190139
1,918,286,1185.426,0.00424680486321449
1,922,282,1185.443,0.00423920294269919
1,925,279,1185.46,0.00423435866832733
1,929,277,1185.476,0.00422473764047027
1,936,274,1185.493,0.00419839378446341
1,946,270,1185.51,0.00418575387448072
1,952,268,1185.526,0.00415812013670802
1,963,263,1185.543,0.00415134895592928
1,973,260,1185.56,0.00413372647017241
1,980,258,1185.576,0.00412754155695438
1,985,255,1185.593,0.00413106940686703
1,988,254,1185.61,0.00411511398851871
1,989,255,1185.626,0.00409920560196042
1,991,256,1185.643,0.00408108113333583
1,994,257,1185.66,0.00406510010361671
1,998,258,1185.676,0.00405866978690028
1,1002,259,1185.693,0.00406253384426236
1,1004,259,1185.71,0.00406802166253328
1,1008,260,1185.726,0.00407885620370507
1,1013,260,1185.743,0.00407212087884545
1,1018,260,1185.76,0.00406943634152412
1,1024,260,1185.776,0.00406213058158755
1,1030,260,1185.793,0.0040851985104382
1,1036,260,1185.81,0.00408362317830324
1,1039,261,1185.826,0.00407866667956114
1,1041,263,1185.843,0.00405489839613438
1,1040,266,1185.86,0.00407082447782159
1,1039,269,1185.876,0.00407987087965012
1,1038,271,1185.893,0.00409109052270651
1,1034,272,1185.91,0.00410127872601151
1,1033,275,1185.926,0.00421096663922071
1,1030,277,1185.943,0.00414021266624331
1,1033,278,1185.96,0.00404896074905992
1,1040,278,1185.976,0.00404941570013762
1,1035,278,1185.993,0.00404281122609973
1,1042,278,1186.01,0.00404807226732373
1,1045,279,1186.026,0.00405070325359702
1,1049,280,1186.043,0.00404964620247483
1,1052,280,1186.059,0.00404800148680806
1,730,314,1186.076,0.0040402295999229
1,427,328,1186.093,0.00404806016013026
1,427,327,1186.109,0.0040390994399786
1,427,328,1186.126,0.004034916870296
1,424,328,1186.143,0.00403945241123438
1,423,328,1186.159,0.00404987810179591
1,420,328,1186.176,0.00406214827671647
1,417,329,1186.193,0.00403911294415593
1,413,331,1186.21,0.00402878504246473
1,409,332,1186.226,0.0040245121344924
1,407,331,1186.243,0.0040405816398561
1,400,329,1186.26,0.00404475955292583
1,395,327,1186.276,0.00404972862452269
1,391,324,1186.293,0.00403760094195604
1,391,321,1186.31,0.00401019584387541
1,391,318,1186.326,0.00398907763883471
1,390,316,1186.343,0.00397527916356921
1,388,315,1186.36,0.00397314643487334
1,387,314,1186.376,0.00396112073212862
1,386,312,1186.393,0.00394889758899808
1,385,311,1186.41,0.00393403228372335
1,385,311,1186.426,0.00393542367964983
1,385,310,1186.443,0.0039473851211369
1,387,307,1186.46,0.00394565798342228
1,390,305,1186.476,0.00394457811489701
1,395,302,1186.493,0.00392603036016226
1,400,300,1186.509,0.00393873220309615
1,405,296,1186.526,0.00392443081364036
1,410,293,1186.543,0.00391653226688504
1,417,291,1186.559,0.00388884241692722
1,423,290,1186.576,0.00388361513614655
1,429,292,1186.593,0.00390350073575974
1,434,292,1186.609,0.00391957582905889
1,440,293,1186.626,0.00393422693014145
1,445,293,1186.643,0.00394742051139474
1,450,294,1186.659,0.00395121658220887
1,453,295,1186.676,0.00395786995068192
1,457,296,1186.693,0.00395611627027392
1,463,297,1186.709,0.00397503981366754
1,471,296,1186.726,0.00398931978270411
1,479,295,1186.743,0.00399992056190968
1,486,294,1186.759,0.00401527946814895
1,492,295,1186.776,0.00401791604235768
1,497,295,1186.793,0.004029237665236
1,502,296,1186.809,0.00403976021334529
1,505,297,1186.826,0.00406260322779417
1,508,299,1186.843,0.00405787350609899
1,514,301,1186.859,0.00406253477558494
1,519,302,1186.876,0.00406314805150032
1,523,304,1186.893,0.00409679487347603
1,525,303,1186.909,0.00411393120884895
1,528,303,1186.926,0.00411764578893781
1,529,305,1186.943,0.00412129424512386
1,531,306,1186.959,0.00413811486214399
1,533,308,1186.976,0.00413806876167655
1,538,310,1186.993,0.00412755645811558
1,542,312,1187.009,0.00412165839225054
1,546,313,1187.026,0.00412417482584715
1,549,314,1187.043,0.00413471693173051
1,549,315,1187.059,0.00412970874458551
1,550,317,1187.076,0.00412818742915988
1,550,320,1187.092,0.00412468891590834
1,549,322,1187.109,0.00412887474521995
1,549,323,1187.126,0.00412335991859436
1,548,325,1187.142,0.00412383303046227
1,547,326,1187.159,0.00412360625341535
1,547,325,1187.176,0.00412991968914866
1,547,325,1187.192,0.00414471700787544
1,548,327,1187.209,0.00413884082809091
1,551,329,1187.226,0.00413727015256882
1,554,330,1187.242,0.00410912372171879
1,557,331,1187.259,0.0040858443826437
1,561,332,1187.276,0.00409496109932661
1,564,333,1187.292,0.0041051683947444
1,566,332,1187.309,0.00410843268036842
1,567,331,1187.326,0.00409845123067498
1,570,330,1187.342,0.00412389682605863
1,573,330,1187.359,0.0041066138073802
1,576,332,1187.376,0.00411872193217278
1,578,332,1187.392,0.00411243969574571
1,580,332,1187.409,0.0041349115781486
1,582,332,1187.426,0.00413351785391569
1,586,331,1187.442,0.00413253623992205
1,591,331,1187.459,0.00412727473303676
1,597,329,1187.476,0.00414221128448844
1,604,328,1187.492,0.00414081104099751
1,613,328,1187.509,0.00415267748758197
1,620,327,1187.526,0.00415420299395919
1,626,327,1187.542,0.00416063284501433
1,631,326,1187.559,0.00418183580040932
1,635,325,1187.576,0.00417432887479663
1,640,323,1187.592,0.004176857881248
1,646,321,1187.609,0.00418458133935928
1,653,320,1187.626,0.0042054271325469
1,660,319,1187.642,0.00421529076993465
1,666,320,1187.659,0.00422996515408158
1,672,319,1187.676,0.00423635076731443
1,678,318,1187.692,0.00425636302679777
1,685,317,1187.709,0.00428054388612509
1,693,317,1187.726,0.0042958427220583
1,701,318,1187.742,0.00429887464269996
1,710,318,1187.759,0.0043113543651998
1,719,318,1187.776,0.00430351542308927
1,727,319,1187.792,0.00431445799767971
1,733,320,1187.809,0.00428901752457023
1,738,322,1187.826,0.00432153791189194
1,742,324,1187.842,0.00432845810428262
1,746,325,1187.859,0.00433529494330287
1,750,324,1187.876,0.00432760268449783
1,754,322,1187.892,0.00431706150993705
1,757,322,1187.909,0.00435111252591014
1,760,323,1187.926,0.00435973750427365
1,765,324,1187.942,0.00436676712706685
1,771,324,1187.959,0.00434401771053672
1,777,322,1187.976,0.00433126837015152
1,782,321,1187.992,0.00432362360879779
1,787,322,1188.009,0.00429804809391499
1,792,323,1188.025,0.0042885011062026
1,796,325,1188.042,0.00429722107946873
1,801,325,1188.059,0.00430339435115457
1,805,325,1188.075,0.00429575890302658
1,808,326,1188.092,0.00428785569965839
1,811,327,1188.109,0.00429693330079317
1,815,327,1188.125,0.00431037554517388
1,819,327,1188.142,0.00429106596857309
1,824,326,1188.159,0.00425488548353314
1,828,326,1188.176,0.0042476411908865
1,832,325,1188.192,0.00423619290813804
1,836,325,1188.209,0.00422810949385166
1,842,326,1188.225,0.00424155592918396
1,857,359,1188.242,0.00456052832305431
-1,NaN,NaN,1188.259,0
-1,NaN,NaN,1188.275,0
-1,NaN,NaN,1188.292,0
-1,NaN,NaN,1188.309,0
-1,NaN,NaN,1188.325,0
-1,NaN,NaN,1188.342,0
1,728,461,1188.359,0
1,533,477,1188.375,0.00460469396784902
1,533,478,1188.392,0.00447488436475396
1,533,477,1188.409,0.00428117532283068
1,549,459,1188.425,0.00422259513288736
1,624,456,1188.442,0.00419549085199833
1,927,334,1188.459,0.00420751143246889
1,923,336,1188.475,0.00423348974436522
1,916,336,1188.492,0.00422608014196157
1,910,335,1188.509,0.00420458987355232
1,909,332,1188.525,0.00421183230355382
1,911,330,1188.542,0.00420654099434614
1,917,328,1188.559,0.00421024532988667
1,925,327,1188.575,0.00420213304460049
1,936,324,1188.592,0.00421078968793154
1,932,329,1188.609,0.00422713765874505
1,983,307,1188.625,0.00422915350645781
1,959,317,1188.642,0.00424170540645719
1,964,316,1188.659,0.00425485940650105
1,967,315,1188.675,0.00427196966484189
1,970,314,1188.692,0.00426639476791024
1,977,315,1188.709,0.00426579965278506
1,993,312,1188.725,0.00426910258829594
1,1005,310,1188.742,0.00427363626658916
1,1027,305,1188.759,0.00428937980905175
1,1053,297,1188.775,0.00428809272125363
1,1055,295,1188.792,0.00428401120007038
1,1059,294,1188.809,0.00425695907324553
1,1065,291,1188.825,0.00422779656946659
1,1067,289,1188.842,0.00423789070919156
1,1076,288,1188.859,0.00424243602901697
1,1084,285,1188.875,0.00424182321876287
1,1092,283,1188.892,0.00422152690589428
1,1095,281,1188.908,0.00419104052707553
1,1097,279,1188.925,0.00421621557325125
1,1098,279,1188.942,0.00421128049492836
1,1096,279,1188.958,0.00415067141875625
1,1094,280,1188.975,0.00409875670447946
1,1104,277,1188.992,0.00410879869014025
1,1110,276,1189.009,0.00411758571863174
1,1116,274,1189.025,0.0041097835637629
1,1126,270,1189.042,0.00411547487601638
1,1120,270,1189.059,0.00412306282669306
1,1119,268,1189.075,0.00413573626428843
1,1118,267,1189.092,0.00414240825921297
1,748,319,1189.109,0.00415410753339529
1,745,321,1189.125,0.00414641015231609
1,747,322,1189.142,0.0041350950486958
1,743,323,1189.159,0.00411464553326368
1,411,348,1189.175,0.00410537607967854
1,410,347,1189.192,0.00410792184993625
1,409,347,1189.209,0.00411338591948152
1,408,347,1189.225,0.00412167701870203
1,407,347,1189.242,0.00410788087174296
1,404,346,1189.258,0.00410925922915339
1,402,347,1189.275,0.00409579509869218
1,394,345,1189.292,0.00409910595044494
1,394,344,1189.308,0.00410726154223084
1,399,342,1189.325,0.00412304000928998
1,405,340,1189.342,0.00412116153165698
1,411,338,1189.358,0.00410992512479424
1,417,338,1189.375,0.00408853078261018
1,422,340,1189.392,0.00409208843484521
1,428,341,1189.408,0.00408777128905058
1,435,343,1189.425,0.00408154167234898
1,441,344,1189.442,0.00408287113532424
1,447,344,1189.458,0.0040947119705379
1,452,345,1189.475,0.00409945147112012
1,458,345,1189.492,0.00410772813484073
1,464,346,1189.508,0.00411157542839646
1,471,345,1189.525,0.00410774582996964
1,476,344,1189.542,0.00411265529692173
1,481,342,1189.558,0.00411649886518717
1,488,341,1189.575,0.00413303915411234
1,495,342,1189.592,0.00412087887525558
1,502,343,1189.608,0.00409850664436817
1,509,345,1189.625,0.00409861421212554
1,514,347,1189.642,0.00410177186131477
1,516,348,1189.658,0.00411047227680683
1,516,349,1189.675,0.00411309627816081
1,518,350,1189.692,0.00410941941663623
1,520,349,1189.708,0.00410270597785711
1,523,347,1189.725,0.00408037612214684
1,528,345,1189.742,0.00407033925876021
1,532,342,1189.758,0.00406930036842823
1,536,341,1189.775,0.00406772410497069
1,540,340,1189.792,0.00405141524970531
1,543,339,1189.808,0.00405055610463023
1,547,339,1189.825,0.00404712231829762
1,551,340,1189.842,0.00405907956883311
1,556,341,1189.858,0.00405541015788913
1,561,343,1189.875,0.00404625991359353
1,566,344,1189.891,0.00403163116425276
1,570,345,1189.908,0.00402968749403954
1,574,345,1189.925,0.00402291677892208
1,577,343,1189.941,0.00403002183884382
1,581,340,1189.958,0.0040209605358541
1,587,339,1189.975,0.00402242783457041
1,596,338,1189.992,0.00403161952272058
1,605,336,1190.008,0.00404712138697505
1,615,334,1190.025,0.00406922539696097
1,624,333,1190.042,0.00406323140487075
1,631,334,1190.058,0.00407368270680308
1,635,334,1190.075,0.00407746760174632
1,640,335,1190.092,0.00409468775615096
1,645,336,1190.108,0.00410173507407308
1,651,335,1190.125,0.00411003967747092
1,656,335,1190.142,0.00412506004795432
1,661,335,1190.158,0.0040979809127748
1,670,333,1190.175,0.00412295805290341
1,677,333,1190.192,0.00416364893317223
1,806,314,1190.208,0.00414233934134245
1,846,308,1190.225,0.00426996592432261
1,854,310,1190.241,0.00428986363112926
1,860,308,1190.258,0.00430244579911232
1,865,307,1190.275,0.00410737376660109
1,987,309,1190.291,0.00410373089835048
1,1014,311,1190.308,0.00410680146887898
1,1013,309,1190.325,0.00413326313719153
1,1014,308,1190.341,0.00414387695491314
1,1018,305,1190.358,0.00413827830925584
1,1021,303,1190.375,0.00414325622841716
1,1024,302,1190.391,0.00414913380518556
1,1027,303,1190.408,0.00417332025244832
1,1028,304,1190.425,0.00420283013954759
1,1028,304,1190.441,0.00419526640325785
1,1026,304,1190.458,0.00418818928301334
1,1023,303,1190.475,0.00415592361241579
1,1020,303,1190.491,0.0041645267046988
1,1017,302,1190.508,0.00416677817702293
1,1019,301,1190.525,0.00420362921431661
1,1017,301,1190.541,0.00422026682645082
1,1011,301,1190.558,0.00423373049125075
1,1005,301,1190.575,0.00421724561601877
1,1001,301,1190.591,0.00420718546956778
1,998,302,1190.608,0.00418944284319878
1,997,303,1190.625,0.00420306855812669
1,996,304,1190.641,0.00420123105868697
1,995,305,1190.658,0.00421244371682405
1,992,306,1190.675,0.00419738236814737
1,990,307,1190.691,0.00434697605669498
1,987,311,1190.708,0.00434777187183499
1,985,312,1190.725,0.00435498123988509
1,981,312,1190.741,0.00419703451916575
1,977,313,1190.758,0.00419880216941237
1,973,313,1190.775,0.0041852886788547
1,971,314,1190.791,0.0042089931666851
1,969,316,1190.808,0.00421111052855849
1,971,317,1190.825,0.00420627323910594
1,972,318,1190.842,0.00419908715412021
1,976,318,1190.858,0.00420005060732365
1,981,318,1190.875,0.0042228689417243
1,988,318,1190.891,0.00421918136999011
1,995,317,1190.908,0.00423726160079241
1,1001,317,1190.925,0.00423324946314096
1,1007,317,1190.941,0.004239521920681
1,1012,318,1190.958,0.00426155468448997
1,1017,319,1190.975,0.00427335500717163
1,1020,320,1190.991,0.0042876279912889
1,1025,321,1191.008,0.00426842970773578
1,1027,322,1191.025,0.00427255313843489
1,1031,321,1191.041,0.00426728837192059
1,1034,320,1191.058,0.00426464527845383
1,1040,319,1191.075,0.00426128879189491
1,1046,318,1191.091,0.00427730893716216
1,1053,318,1191.108,0.00429529184475541
1,1059,316,1191.125,0.00430882209911942
1,1065,315,1191.141,0.00430293846875429
1,1071,314,1191.158,0.00431951973587275
1,1076,314,1191.175,0.00433371076360345
1,1081,314,1191.191,0.00431852182373405
1,1085,315,1191.208,0.00433076173067093
1,1086,317,1191.225,0.00433698622509837
1,1089,319,1191.241,0.00434260256588459
1,1093,320,1191.258,0.00434144306927919
1,1098,319,1191.274,0.00435570813715458
1,1103,316,1191.291,0.00436655292287469
1,1108,313,1191.308,0.00436807842925191
1,1114,310,1191.324,0.00437635742127895
1,1119,308,1191.341,0.00438723107799888
1,1122,307,1191.358,0.00438564643263817
1,1126,307,1191.374,0.00436755828559399
1,1127,309,1191.391,0.00433406652882695
1,1125,310,1191.408,0.00437574181705713
1,1126,311,1191.424,0.00444422615692019
1,1124,313,1191.441,0.00436138547956944
1,1128,315,1191.458,0.00434804009273648
1,1133,315,1191.474,0.00432259356603026
1,1142,314,1191.491,0.0043504829518497
1,1138,317,1191.508,0.00435302034020424
1,1138,317,1191.524,0.00434101605787873
1,1146,312,1191.541,0.00437903730198741
1,776,380,1191.558,0.00438374746590853
1,774,379,1191.574,0.00440992554649711
1,425,420,1191.591,0.00436585396528244
1,424,418,1191.608,0.00437397696077824
1,422,417,1191.624,0.00437195505946875
1,420,418,1191.641,0.00437931949272752
1,416,418,1191.658,0.00437368918210268
1,413,418,1191.674,0.00435914797708392
1,414,418,1191.691,0.00438261358067393
1,417,418,1191.708,0.00436831451952457
1,420,418,1191.724,0.00437340000644326
1,418,418,1191.741,0.00436001969501376
1,421,418,1191.758,0.00438096188008785
1,425,419,1191.774,0.00437260186299682
1,427,420,1191.791,0.00435282615944743
1,432,421,1191.808,0.00433974759653211
1,436,421,1191.824,0.00432854052633047
1,439,420,1191.841,0.00430651102215052
1,442,419,1191.858,0.00425711739808321
1,445,417,1191.874,0.00424512382596731
1,449,415,1191.891,0.00423122569918633
1,453,413,1191.908,0.00423509906977415
1,456,413,1191.924,0.00425773579627275
1,460,414,1191.941,0.00427709380164742
1,465,415,1191.958,0.00426697731018066
1,470,415,1191.974,0.00425454881042242
1,476,415,1191.991,0.00423512607812881
1,481,415,1192.008,0.0042279651388526
1,483,414,1192.024,0.00422186218202114
1,485,413,1192.041,0.00422664172947407
1,486,413,1192.058,0.00422415882349014
1,488,414,1192.074,0.00420651491731405
1,490,415,1192.091,0.00421586306765676
1,492,415,1192.108,0.00419653160497546
1,493,415,1192.124,0.00419501634314656
1,494,415,1192.141,0.00419332506135106
1,496,416,1192.158,0.00422563496977091
1,515,404,1192.174,0
1,475,422,1192.191,0
-1,NaN,NaN,1192.208,0
-1,NaN,NaN,1192.224,0
-1,NaN,NaN,1192.241,0
1,712,469,1192.258,0
1,726,512,1192.274,0
1,844,104,1192.291,0.00440503796562552
-1,NaN,NaN,1192.307,0
-1,NaN,NaN,1192.324,0
1,734,488,1192.341,0
1,481,369,1192.357,0.00422563590109348
1,534,466,1192.374,0.00421733874827623
1,547,484,1192.391,0.00422849273309112
1,550,477,1192.407,0.00425346102565527
1,552,471,1192.424,0.00426015444099903
1,553,462,1192.441,0.00427053216844797
1,558,456,1192.457,0.00428933650255203
1,564,454,1192.474,0.00426567206159234
1,571,455,1192.491,0.00424957647919655
1,577,456,1192.507,0.00424296269193292
1,580,456,1192.524,0.00424147397279739
1,581,456,1192.541,0.00423636939376593
1,581,455,1192.557,0.00425111502408981
1,582,454,1192.574,0.00425849063321948
1,583,454,1192.591,0.0042581157758832
1,584,453,1192.607,0.00426116585731506
1,586,451,1192.624,0.00426475750282407
1,587,449,1192.641,0.00427383882924914
1,588,447,1192.657,0.00427920138463378
1,590,444,1192.674,0.0042822677642107
1,594,443,1192.691,0.00428012199699879
1,599,439,1192.707,0.0042710117995739
1,603,433,1192.724,0.00426180753856897
1,607,429,1192.741,0.00424801930785179
1,611,427,1192.757,0.00426623038947582
1,616,426,1192.774,0.00424936367198825
1,619,425,1192.791,0.00422088988125324
1,622,423,1192.807,0.00422352831810713
1,623,419,1192.824,0.00422926340252161
1,625,416,1192.841,0.00424082251265645
1,629,413,1192.857,0.00420787744224072
1,635,410,1192.874,0.00422238605096936
1,642,408,1192.891,0.00424375757575035
1,648,405,1192.907,0.00422142446041107
1,652,401,1192.924,0.00417091883718967
1,657,397,1192.941,0.00414179544895887
1,662,394,1192.957,0.00411911122500896
1,666,392,1192.974,0.00410548038780689
1,671,391,1192.991,0.00411660876125097
1,675,389,1193.007,0.004134610760957
1,678,388,1193.024,0.0041468245908618
1,680,388,1193.041,0.00413331063464284
1,681,387,1193.057,0.00411613285541534
1,684,385,1193.074,0.00410462683066726
1,688,383,1193.091,0.00408156076446176
1,694,381,1193.107,0.00411294959485531
1,699,381,1193.124,0.00410932069644332
1,706,381,1193.141,0.00412728590890765
1,711,382,1193.157,0.00412235455587506
1,715,382,1193.174,0.00412323698401451
1,718,382,1193.191,0.00410280143842101
1,721,382,1193.207,0.00410559168085456
1,727,382,1193.224,0.00411389069631696
1,733,383,1193.241,0.00411137286573648
1,740,384,1193.257,0.00412990758195519
1,747,384,1193.274,0.00414265366271138
1,753,385,1193.291,0.0041545913554728
1,760,385,1193.307,0.00415480555966496
1,762,387,1193.324,0.00413257302716374
1,766,388,1193.341,0.00412422697991133
1,771,389,1193.357,0.00412879837676883
1,778,389,1193.374,0.00414106203243136
1,786,390,1193.391,0.00416739284992218
1,796,391,1193.407,0.00417142128571868
1,804,391,1193.424,0.00414730282500386
1,811,389,1193.44,0.00415243953466415
1,818,388,1193.457,0.0041500492952764
1,826,385,1193.474,0.00416920240968466
1,836,381,1193.49,0.00418777856975794
1,846,378,1193.507,0.00421213218942285
1,856,378,1193.524,0.00419940566644073
1,863,376,1193.54,0.00421271845698357
1,870,374,1193.557,0.00418625026941299
1,876,372,1193.574,0.00420584343373775
1,881,370,1193.59,0.00422203680500388
1,887,368,1193.607,0.00423879409208894
1,896,365,1193.624,0.00424972549080849
1,903,362,1193.64,0.00424243835732341
1,909,359,1193.657,0.00426155934110284
1,921,356,1193.674,0.00428306311368942
1,936,353,1193.69,0.00427764002233744
1,951,351,1193.707,0.00428559724241495
1,966,350,1193.724,0.00429854309186339
1,978,350,1193.74,0.00431058695539832
1,998,346,1193.757,0.0043209339492023
1,1003,348,1193.774,0.0043240892700851
1,1044,346,1193.79,0.00434459699317813
1,1053,344,1193.807,0.00435834238305688
1,1065,347,1193.824,0.00435657985508442
1,1069,350,1193.84,0.00433229235932231
1,1096,345,1193.857,0.00431628664955497
1,1095,344,1193.874,0.00430073402822018
1,1115,344,1193.89,0.00431027309969068
1,1098,341,1193.907,0.00430167419835925
1,1099,341,1193.924,0.00429851049557328
1,1099,341,1193.94,0.00429277820512652
1,1102,343,1193.957,0.00429814122617245
1,1099,343,1193.974,0.00429857335984707
1,1103,344,1193.99,0.00430097244679928
1,1105,344,1194.007,0.00430851429700851
1,1102,344,1194.024,0.00431185774505138
1,1098,344,1194.04,0.00430425023660064
1,1095,343,1194.057,0.00430625537410378
1,1092,343,1194.074,0.00429938174784184
1,1092,345,1194.09,0.00430198758840561
1,1091,347,1194.107,0.00429527414962649
1,1092,349,1194.123,0.00431161699816585
1,1093,350,1194.14,0.00431943219155073
1,1094,350,1194.157,0.00433429377153516
1,1096,351,1194.173,0.00433401856571436
1,1097,353,1194.19,0.00433857226744294
1,1105,352,1194.207,0.00432636495679617
1,1109,352,1194.223,0.00432404736056924
1,1107,353,1194.24,0.0042905118316412
1,1114,354,1194.257,0.00433430168777704
1,1118,354,1194.273,0.0043897358700633
1,1122,355,1194.29,0.00434634322300553
1,1128,356,1194.307,0.00426718266680837
1,1123,358,1194.323,0.00423721922561526
1,1128,359,1194.34,0.00425502890720963
1,1134,360,1194.357,0.00425686500966549
1,1141,360,1194.373,0.00425387592986226
1,1147,361,1194.39,0.00424367934465408
1,817,397,1194.407,0.00426925672218204
1,809,398,1194.423,0.00426078727468848
1,813,400,1194.44,0.00427548214793205
1,462,465,1194.457,0.0042816149070859
1,472,463,1194.473,0.00428601913154125
1,473,459,1194.49,0.00425177719444036
1,473,456,1194.507,0.00425417581573129
1,472,454,1194.523,0.00426679756492376
1,471,453,1194.54,0.00425814231857657
1,465,453,1194.557,0.00423900363966823
1,471,453,1194.573,0.00423404294997454
1,469,453,1194.59,0.00424239598214626
1,467,453,1194.607,0.00428017182275653
1,459,453,1194.623,0.00427488330751657
1,453,453,1194.64,0.00425888644531369
1,449,455,1194.657,0.0042377170175314
1,446,456,1194.673,0.00424796203151345
1,444,457,1194.69,0.0042386120185256
1,442,458,1194.707,0.00424199877306819
1,440,459,1194.723,0.00421773688867688
1,438,458,1194.74,0.0042104278691113
1,435,457,1194.757,0.0041871378198266
1,432,456,1194.773,0.00419088313356042
1,429,455,1194.79,0.0041864481754601
1,426,456,1194.806,0.00418337667360902
1,421,458,1194.823,0.00415744120255113
1,417,460,1194.84,0.00414879526942968
1,412,462,1194.857,0.00416686432436109
1,407,465,1194.873,0.0041780611500144
1,404,467,1194.89,0.0041855089366436
1,402,470,1194.906,0.00416820356622338
1,401,473,1194.923,0.00417711352929473
1,401,474,1194.94,0.0041706720367074
1,403,475,1194.956,0.00417331187054515
1,407,476,1194.973,0.00414797477424145
1,411,476,1194.99,0.00414486974477768
1,415,477,1195.006,0.00412353128194809
1,418,476,1195.023,0.00413119699805975
1,421,476,1195.04,0.00412537530064583
1,424,475,1195.056,0.00411350186914206
1,428,476,1195.073,0.00409520464017987
1,432,476,1195.09,0.0040852501988411
1,436,477,1195.106,0.00412299204617739
1,439,478,1195.123,0.00411840202286839
1,442,480,1195.14,0.00410013971850276
1,446,481,1195.156,0.00404682476073503
1,449,482,1195.173,0.00404720986261964
1,455,481,1195.19,0.0040622828528285
1,460,479,1195.206,0.00404887599870563
1,465,477,1195.223,0.00404037022963166
1,469,475,1195.24,0.0040249009616673
1,474,473,1195.256,0.0040648328140378
1,478,473,1195.273,0.00411803042516112
1,482,473,1195.29,0.0041169268079102
1,486,475,1195.306,0.00411668233573437
1,491,476,1195.323,0.00412841700017452
1,498,478,1195.34,0.00414322270080447
1,505,480,1195.356,0.00414822902530432
1,513,481,1195.373,0.00413894979283214
1,520,481,1195.39,0.00411851331591606
1,525,480,1195.406,0.00407793745398521
1,530,481,1195.423,0.00403473572805524
1,537,480,1195.44,0.00403528288006783
1,544,479,1195.456,0.00403217924758792
1,551,478,1195.473,0.004064722917974
1,558,478,1195.49,0.00411115493625402
1,566,479,1195.506,0.00411442294716835
1,572,479,1195.523,0.00409750826656818
1,576,480,1195.54,0.00406980887055397
1,579,480,1195.556,0.00406251382082701
1,582,480,1195.573,0.00405487976968288
1,587,481,1195.59,0.00407902710139751
1,591,480,1195.606,0.00412592897191644
1,594,481,1195.623,0.00415340252220631
1,595,482,1195.64,0.00415532290935516
1,596,483,1195.656,0.00415125628933311
1,598,484,1195.673,0.00415796926245093
1,600,485,1195.69,0.00413261307403445
1,603,485,1195.706,0.00415513152256608
1,607,486,1195.723,0.00414304016157985
1,611,488,1195.739,0.00416990602388978
1,616,491,1195.756,0.00417723180726171
1,620,492,1195.773,0.00417869025841355
1,624,494,1195.789,0.00419226894155145
1,627,496,1195.806,0.00417579291388392
1,632,498,1195.823,0.00416525593027473
1,637,499,1195.839,0.00413377396762371
1,643,500,1195.856,0.00411784229800105
1,651,501,1195.873,0.00409818347543478
1,659,502,1195.889,0.00407171389088035
1,668,501,1195.906,0.00407565850764513
1,676,501,1195.923,0.00409470638260245
1,683,500,1195.939,0.00413668062537909
1,688,500,1195.956,0.00414607161656022
1,694,497,1195.973,0.00414807163178921
1,701,494,1195.989,0.00413894234225154
1,707,493,1196.006,0.00413568085059524
1,715,496,1196.023,0.00411859201267362
1,721,497,1196.039,0.00412647100165486
1,725,497,1196.056,0.00414695311337709
1,729,496,1196.073,0.00417323084548116
1,732,495,1196.089,0.00417322805151343
1,734,495,1196.106,0.00414269883185625
1,736,493,1196.123,0.0041321162134409
1,739,492,1196.139,0.00417385110631585
1,741,492,1196.156,0.00417013140395284
1,744,492,1196.173,0.00418570311740041
1,746,492,1196.189,0.00419614603742957
1,749,492,1196.206,0.00419784197583795
1,750,492,1196.223,0.00416559912264347
1,750,493,1196.239,0.00414675241336226
1,751,495,1196.256,0.00414719386026263
1,753,497,1196.273,0.00417214166373014
1,756,497,1196.289,0.00419696653261781
1,759,498,1196.306,0.0042203851044178
1,763,498,1196.323,0.00418746145442128
1,766,497,1196.339,0.00418692547827959
1,768,495,1196.356,0.00419217813760042
1,771,494,1196.373,0.00419800356030464
1,775,493,1196.389,0.00420655030757189
1,780,493,1196.406,0.00419597281143069
1,785,492,1196.423,0.00417889934033155
1,791,492,1196.439,0.00415003206580877
1,797,491,1196.456,0.00419459957629442
1,802,491,1196.473,0.00420646462589502
1,804,492,1196.489,0.00422910321503878
1,806,492,1196.506,0.0042180847376585
1,808,493,1196.523,0.00420311000198126
1,810,494,1196.539,0.00418211286887527
1,812,496,1196.556,0.00414793053641915
1,814,496,1196.573,0.00412569846957922
1,815,495,1196.589,0.00411958107724786
1,817,494,1196.606,0.00417148228734732
1,817,494,1196.622,0.00416872929781675
1,817,495,1196.639,0.00415885960683227
1,816,496,1196.656,0.00415695458650589
1,814,496,1196.672,0.00415556970983744
1,812,496,1196.689,0.00415621791034937
1,810,496,1196.706,0.00419277139008045
1,807,497,1196.722,0.00420214049518108
1,804,498,1196.739,0.00418067490682006
1,802,499,1196.756,0.00417164294049144
1,800,501,1196.772,0.00414281105622649
1,798,500,1196.789,0.00415655644610524
1,797,500,1196.806,0.00412281462922692
1,798,498,1196.822,0.00412966031581163
1,801,497,1196.839,0.00412461534142494
1,806,494,1196.856,0.00410290202125907
1,811,491,1196.872,0.00412609847262502
1,817,489,1196.889,0.00414979457855225
1,823,488,1196.906,0.00415447913110256
1,828,488,1196.922,0.0041578090749681
1,833,486,1196.939,0.00413415441289544
1,839,483,1196.956,0.00409585051238537
1,844,479,1196.972,0.0040936735458672
1,849,476,1196.989,0.00409938674420118
1,853,474,1197.006,0.0041282968595624
1,858,472,1197.022,0.00413586525246501
1,864,470,1197.039,0.00413706246763468
1,871,466,1197.056,0.00412122905254364
1,881,462,1197.072,0.0041031246073544
1,890,459,1197.089,0.00410867808386683
1,901,457,1197.106,0.00410828087478876
1,913,456,1197.122,0.0041436031460762
1,924,453,1197.139,0.00418168911710382
1,936,450,1197.156,0.004206208512187
1,1035,443,1197.172,0.00420395191758871
1,1072,432,1197.189,0.00420034304261208
1,1163,422,1197.206,0.00416533928364515
1,1123,426,1197.222,0.00415416387841105
1,1160,420,1197.239,0.00412466190755367
1,1161,420,1197.256,0.00414511980488896
1,1149,422,1197.272,0.00414949515834451
1,1153,420,1197.289,0.00416021328419447
1,1155,418,1197.306,0.00414684927091002
1,1156,418,1197.322,0.00415304396301508
1,1155,418,1197.339,0.00417769886553288
1,1157,417,1197.356,0.00418880861252546
1,1150,417,1197.372,0.00417568115517497
1,1153,416,1197.389,0.0041484753601253
1,1166,415,1197.406,0.00416235625743866
1,1170,413,1197.422,0.00417737383395433
1,1172,412,1197.439,0.00416792510077357
1,1170,412,1197.456,0.00415837438777089
1,1177,407,1197.472,0.00427892105653882
1,1176,408,1197.489,0.00424617249518633
1,1174,408,1197.506,0.00415019365027547
1,1172,408,1197.522,0.0040973131544888
1,1170,408,1197.539,0.00413175160065293
1,1163,408,1197.556,0.00413718959316611
1,1163,408,1197.572,0.00415459554642439
1,1161,407,1197.589,0.00416030874475837
1,748,456,1197.606,0.00415478786453605
1,747,459,1197.622,0.00414457311853766
1,746,461,1197.639,0.00413848040625453
1,746,460,1197.656,0.00413089338690043
1,746,457,1197.672,0.00410328339785337
1,722,466,1197.689,0.00408248091116548
1,586,507,1197.705,0.00406290078535676
1,394,490,1197.722,0.00404599402099848
1,388,489,1197.739,0.00405428558588028
1,392,490,1197.755,0.00405026553198695
1,395,489,1197.772,0.00405878014862537
1,398,489,1197.789,0.00408324925228953
1,401,490,1197.805,0.0040885079652071
1,403,491,1197.822,0.00407422566786408
1,401,491,1197.839,0.0040386850014329
1,402,492,1197.855,0.00399769470095634
1,405,493,1197.872,0.0040271021425724
1,407,495,1197.889,0.00404176022857428
1,410,496,1197.905,0.00404161680489779
1,415,497,1197.922,0.00403707334771752
1,421,498,1197.939,0.00403891922906041
1,429,500,1197.955,0.00405101804062724
1,436,503,1197.972,0.0040674596093595
1,443,506,1197.989,0.00407103542238474
1,452,508,1198.005,0.00405533891171217
1,463,511,1198.022,0.00409544492140412
1,473,514,1198.039,0.00412630662322044
1,481,517,1198.055,0.00412007747218013
1,488,519,1198.072,0.0041197775863111
1,494,521,1198.089,0.00409609824419022
1,500,524,1198.105,0.00410081166774035
1,505,527,1198.122,0.00409908033907413
1,511,529,1198.139,0.00410476140677929
1,517,531,1198.155,0.00409165164455771
1,525,534,1198.172,0.0041102864779532
1,532,536,1198.189,0.00409693317487836
1,539,537,1198.205,0.00407934561371803
1,546,537,1198.222,0.00406654132530093
1,553,536,1198.239,0.00405250303447247
1,557,536,1198.255,0.00405842158943415
1,559,536,1198.272,0.00411529978737235
1,561,537,1198.289,0.00411384599283338
1,562,537,1198.305,0.00410496117547154
1,565,538,1198.322,0.00407006544992328
1,567,538,1198.339,0.00409188913181424
1,569,538,1198.355,0.0040935231372714
1,571,538,1198.372,0.00412662141025066
1,573,539,1198.389,0.00412633176892996
1,575,540,1198.405,0.00415244558826089
1,578,541,1198.422,0.00412918487563729
1,582,541,1198.439,0.00412195781245828
1,588,540,1198.455,0.0041074906475842
1,594,539,1198.472,0.00411392422392964
1,599,537,1198.489,0.00410416256636381
1,602,535,1198.505,0.00409381138160825
1,606,533,1198.522,0.00408863788470626
1,609,534,1198.539,0.00408892286941409
1,614,534,1198.555,0.00409726891666651
1,619,535,1198.572,0.0041016829200089
1,625,535,1198.589,0.00410776259377599
1,629,533,1198.605,0.0040860534645617
1,632,532,1198.622,0.0040880641900003
1,636,529,1198.639,0.00404837355017662
1,639,527,1198.655,0.00409332243725657
1,643,526,1198.672,0.00410861987620592
1,647,526,1198.689,0.0041242316365242
1,652,525,1198.705,0.00413692323490977
1,657,525,1198.722,0.00414161896333098
1,663,524,1198.739,0.00417344551533461
1,669,523,1198.755,0.00418123370036483
1,674,521,1198.772,0.00420632492750883
1,677,520,1198.789,0.00420342059805989
1,680,520,1198.805,0.00422193622216582
1,683,521,1198.822,0.00421809498220682
1,687,521,1198.839,0.00418819580227137
1,692,521,1198.855,0.00413624150678515
1,697,521,1198.872,0.00417252024635673
1,701,521,1198.889,0.00419083656743169
1,704,522,1198.905,0.00419752532616258
1,707,522,1198.922,0.00414860853925347
1,711,522,1198.939,0.00415456248447299
1,716,523,1198.955,0.00417265761643648
1,721,524,1198.972,0.00417401781305671
1,724,525,1198.989,0.00417240615934134
1,727,526,1199.005,0.00417008949443698
1,730,525,1199.022,0.00416528852656484
1,734,523,1199.038,0.00417432747781277
1,737,521,1199.055,0.00417364342138171
1,738,519,1199.072,0.00419046171009541
1,739,519,1199.088,0.0042089419439435
1,740,520,1199.105,0.00421693082898855
1,741,521,1199.122,0.00421191798523068
1,741,523,1199.138,0.00420748628675938
1,742,524,1199.155,0.00421048188582063
1,743,524,1199.172,0.00422704452648759
1,743,525,1199.188,0.00422828365117311
1,744,524,1199.205,0.00422179931774735
1,745,523,1199.222,0.0042112790979445
1,747,522,1199.238,0.00422377977520227
1,750,522,1199.255,0.00421347841620445
1,752,521,1199.272,0.00420652097091079
1,754,519,1199.288,0.00418420927599072
1,756,518,1199.305,0.00423240941017866
1,759,518,1199.322,0.00424112612381577
1,762,518,1199.338,0.00423154653981328
1,766,518,1199.355,0.00425209477543831
1,768,519,1199.372,0.00425009056925774
1,772,520,1199.388,0.00424512987956405
1,775,521,1199.405,0.00422694534063339
1,779,520,1199.421,0.00422199256718159
1,781,518,1199.438,0.00417798524722457
1,784,516,1199.455,0.00416542403399944
1,787,514,1199.471,0.00418364675715566
1,790,514,1199.488,0.00420229742303491
1,792,514,1199.505,0.00420332746580243
1,794,515,1199.521,0.00422331551089883
1,796,515,1199.538,0.00421192822977901
1,798,515,1199.555,0.0041732182726264
1,800,516,1199.571,0.004173977766186
1,802,516,1199.588,0.00418454967439175
1,804,517,1199.605,0.00418217480182648
1,807,518,1199.621,0.00420256331562996
1,808,518,1199.638,0.00419979076832533
1,809,518,1199.655,0.00419907551258802
1,808,518,1199.671,0.00418022694066167
1,806,519,1199.688,0.00415333872660995
1,804,519,1199.705,0.00415427936241031
1,802,520,1199.721,0.00414865044876933
1,800,521,1199.738,0.00416199257597327
1,798,523,1199.755,0.00414882181212306
1,796,526,1199.771,0.00416991207748652
1,795,528,1199.788,0.00417602574452758
1,793,528,1199.805,0.00419148895889521
1,792,527,1199.821,0.00418944982811809
1,790,527,1199.838,0.00420247530564666
1,788,527,1199.855,0.00417507719248533
1,786,527,1199.871,0.00417546276003122
1,786,528,1199.888,0.00419941451400518
1,788,527,1199.905,0.00422758050262928
1,790,527,1199.921,0.00423121359199286
1,793,527,1199.938,0.00421031331643462
1,795,526,1199.955,0.00420275004580617
1,800,525,1199.971,0.00418773991987109
1,805,523,1199.988,0.00419619446620345
1,812,522,1200.005,0.00422730762511492
1,818,521,1200.021,0.00423754751682281
1,824,522,1200.038,0.00424467166885734
1,829,522,1200.055,0.00424045184627175
1,835,521,1200.071,0.0042269486002624
1,840,521,1200.088,0.00419998494908214
1,844,522,1200.105,0.00420305225998163
1,849,521,1200.121,0.00419184193015099
1,856,520,1200.138,0.00419221771880984
1,863,519,1200.155,0.00418687937781215
1,870,517,1200.171,0.00418324815109372
1,877,515,1200.188,0.00417914194986224
1,883,514,1200.205,0.00416015600785613
1,887,514,1200.221,0.00415554782375693
1,889,513,1200.238,0.00414080219343305
1,890,512,1200.255,0.00415939744561911
1,891,511,1200.271,0.0041763549670577
1,891,512,1200.288,0.00417130766436458
1,890,512,1200.305,0.00417317589744926
1,890,513,1200.321,0.00422297790646553
1,890,514,1200.338,0.00425646221265197
1,890,514,1200.355,0.00425877422094345
1,891,514,1200.371,0.00422924198210239
1,893,513,1200.388,0.00422082608565688
1,896,513,1200.405,0.00422254204750061
1,899,511,1200.421,0.00425252271816134
1,903,509,1200.438,0.00424834340810776
1,907,507,1200.455,0.00423119217157364
1,909,506,1200.471,0.00417536357417703
1,910,504,1200.488,0.00418983586132526
1,912,504,1200.505,0.00422025239095092
1,914,503,1200.521,0.00423076562583447
1,916,503,1200.538,0.00423733005300164
1,918,502,1200.555,0.00423195725306869
1,919,502,1200.571,0.00423861108720303
1,921,502,1200.588,0.00423543155193329
1,924,502,1200.605,0.00422267615795136
1,927,502,1200.621,0.00420314306393266
1,930,503,1200.638,0.00420418195426464
1,934,502,1200.655,0.00421879626810551
1,939,501,1200.671,0.00422862684354186
1,944,499,1200.688,0.00420882878825068
1,948,497,1200.705,0.00418206863105297
1,951,495,1200.721,0.00415148166939616
1,953,494,1200.738,0.00418353034183383
1,956,492,1200.754,0.0042149443179369
1,959,493,1200.771,0.00421873340383172
1,962,494,1200.788,0.00422797212377191
1,965,495,1200.804,0.00421561440452933
1,970,495,1200.821,0.0042091840878129
1,975,496,1200.838,0.00420066108927131
1,982,496,1200.854,0.0041923844255507
1,989,497,1200.871,0.00420581316575408
1,994,497,1200.888,0.00418598856776953
1,1001,498,1200.905,0.00408998737111688
1,1009,499,1200.921,0.00414168788120151
-1,NaN,NaN,1200.938,0
-1,NaN,NaN,1200.955,0
1,1050,489,1200.971,0.00444168737158179
-1,NaN,NaN,1200.988,0
-1,NaN,NaN,1201.005,0
-1,NaN,NaN,1201.022,0
-1,NaN,NaN,1201.038,0
-1,NaN,NaN,1201.055,0
-1,NaN,NaN,1201.072,0
-1,NaN,NaN,1201.088,0
-1,NaN,NaN,1201.105,0
-1,NaN,NaN,1201.122,0
-1,NaN,NaN,1201.138,0
1,1274,505,1201.155,0.00375199993140996
1,1235,536,1201.172,0.00372026767581701
1,1179,529,1201.189,0.00397778069600463
1,1154,528,1201.205,0.00408541597425938
1,1153,523,1201.222,0.00414195330813527
1,1142,518,1201.239,0.00418266607448459
1,1142,507,1201.255,0.00420559849590063
1,1146,500,1201.272,0.00422968994826078
1,1131,478,1201.289,0.00423898175358772
1,1125,468,1201.305,0.00423414073884487
1,1127,458,1201.322,0.00423467997461557
1,1134,457,1201.339,0.0042789583094418
1,1141,452,1201.355,0.00431610969826579
1,1147,448,1201.372,0.00433187605813146
1,1150,445,1201.389,0.00433767819777131
1,1153,442,1201.405,0.0043279193341732
1,1155,440,1201.422,0.00433039339259267
1,1156,439,1201.439,0.00430831871926785
1,1157,438,1201.455,0.00429336912930012
1,1155,440,1201.472,0.00427072215825319
1,1155,442,1201.489,0.00425537116825581
1,1154,444,1201.505,0.00422058114781976
1,1156,445,1201.522,0.00416223332285881
1,1157,445,1201.539,0.00411413377150893
1,1159,445,1201.555,0.00408231746405363
1,1161,445,1201.572,0.0040822415612638
1,1163,444,1201.589,0.0040678707882762
1,1165,443,1201.605,0.00404375325888395
1,1167,444,1201.622,0.00401987787336111
1,1172,443,1201.639,0.00400113081559539
1,1175,444,1201.655,0.00399736035615206
1,1177,444,1201.672,0.00397405447438359
1,1178,444,1201.689,0.00395668763667345
1,1180,444,1201.705,0.00394645612686872
1,1182,444,1201.722,0.00393091281875968
1,1184,444,1201.739,0.00392771931365132
1,1180,444,1201.755,0.0039152973331511
1,1176,444,1201.772,0.00392053602263331
1,1177,445,1201.789,0.00453716749325395
1,1180,444,1201.805,0.00425787270069122
1,1183,443,1201.822,0.00386130437254906
1,1186,441,1201.838,0.00386988837271929
1,1186,441,1201.855,0.00387084390968084
1,1187,440,1201.872,0.00387256499379873
1,1186,440,1201.888,0.00387201621197164
1,1186,441,1201.905,0.00387643789872527
1,1186,442,1201.922,0.0038794195279479
1,1185,443,1201.938,0.00388169684447348
1,773,476,1201.955,0.00388406170532107
1,407,507,1201.972,0.00389160122722387
1,405,507,1201.988,0.00389715004712343
1,402,509,1202.005,0.0038878102786839
1,399,510,1202.022,0.0039122411981225
1,396,511,1202.039,0.00391310267150402
1,393,512,1202.055,0.00393537618219852
1,392,512,1202.072,0.00397012569010258
1,392,513,1202.089,0.00397780863568187
1,393,514,1202.105,0.00397400045767426
1,393,514,1202.122,0.00392719125375152
1,386,510,1202.139,0.00389490206725895
1,385,511,1202.155,0.0039371051825583
1,385,512,1202.172,0.00397343188524246
1,385,513,1202.189,0.00398877589032054
1,386,512,1202.205,0.00396149652078748
1,388,510,1202.222,0.0039368481375277
1,390,509,1202.239,0.00394668756052852
1,392,508,1202.255,0.00396324973553419
1,393,509,1202.272,0.00396486185491085
1,394,511,1202.288,0.003974589984864
1,396,511,1202.305,0.00396811030805111
1,398,511,1202.322,0.00403214804828167
1,401,511,1202.338,0.00403272733092308
1,404,511,1202.355,0.00403730291873217
1,410,510,1202.372,0.00405743438750505
1,417,509,1202.388,0.00404705246910453
1,422,509,1202.405,0.00409319065511227
1,425,509,1202.422,0.00405466929078102
1,428,510,1202.438,0.00408424576744437
1,432,512,1202.455,0.0041008023545146
1,436,514,1202.472,0.00407800450921059
1,441,515,1202.488,0.00404685130342841
1,448,516,1202.505,0.0040728747844696
1,453,518,1202.522,0.00407250272110105
1,457,521,1202.538,0.00408542528748512
1,461,525,1202.555,0.00408136425539851
1,464,529,1202.572,0.00405939342454076
1,467,531,1202.588,0.00399263761937618
1,470,533,1202.605,0.00406289240345359
1,473,535,1202.622,0.00409540114924312
1,477,539,1202.638,0.00409560976549983
1,480,541,1202.655,0.00409264024347067
1,484,544,1202.671,0.00409428169950843
1,488,546,1202.688,0.00410892022773623
1,491,548,1202.705,0.00410221191123128
1,495,549,1202.721,0.00404581055045128
1,500,547,1202.738,0.00406843796372414
1,507,546,1202.755,0.0040795668028295
1,512,543,1202.771,0.00408176006749272
1,516,541,1202.788,0.00406852783635259
1,520,539,1202.805,0.00405319407582283
1,523,538,1202.821,0.00405473075807095
1,527,535,1202.838,0.00405793124809861
1,530,533,1202.855,0.00407434580847621
1,533,530,1202.871,0.00414367765188217
1,537,530,1202.888,0.0041443589143455
1,542,529,1202.905,0.00414678547531366
1,548,528,1202.921,0.00409213500097394
1,554,525,1202.938,0.00411064783111215
1,559,522,1202.955,0.00413521705195308
1,563,519,1202.971,0.00418160110712051
1,568,516,1202.988,0.00419317837804556
1,572,514,1203.005,0.00420018518343568
1,576,511,1203.021,0.00418189633637667
1,578,509,1203.038,0.00414427043870091
1,578,510,1203.055,0.00414100289344788
1,576,510,1203.071,0.00412655249238014
1,576,511,1203.088,0.00411841133609414
1,576,511,1203.105,0.00415939604863524
1,580,513,1203.121,0.00418265955522656
1,585,515,1203.138,0.0042164484038949
1,591,517,1203.155,0.00421737041324377
1,599,520,1203.171,0.00422690389677882
1,608,522,1203.188,0.0042303130030632
1,616,523,1203.205,0.00424794107675552
1,624,523,1203.221,0.00425246171653271
1,631,523,1203.238,0.00425777491182089
1,638,523,1203.255,0.00426274305209517
1,646,524,1203.271,0.00427529728040099
1,654,526,1203.288,0.00428153341636062
1,660,527,1203.305,0.00427585886791348
1,665,528,1203.321,0.00426491117104888
1,670,530,1203.338,0.00425509363412857
1,676,532,1203.355,0.00424193078652024
1,682,535,1203.371,0.00423070415854454
1,689,537,1203.388,0.00423379754647613
1,697,539,1203.405,0.00424468098208308
1,704,540,1203.421,0.00424725469201803
1,710,541,1203.438,0.00423567416146398
1,717,541,1203.455,0.00423601688817143
1,723,541,1203.471,0.00424014031887054
1,728,539,1203.488,0.00425076950341463
1,732,538,1203.505,0.0042672879062593
1,735,538,1203.521,0.00424171984195709
1,740,537,1203.538,0.00424420228227973
1,745,537,1203.555,0.00425810320302844
1,750,538,1203.571,0.00428860215470195
1,754,540,1203.588,0.0042877490632236
1,758,541,1203.605,0.00427597016096115
1,762,542,1203.621,0.00426157377660275
1,766,542,1203.638,0.00425340328365564
1,770,541,1203.655,0.00424423580989242
1,773,540,1203.671,0.00425078673288226
1,779,539,1203.688,0.0042418772354722
1,787,537,1203.705,0.00423119822517037
1,796,536,1203.721,0.0042164926417172
1,805,534,1203.738,0.00419241795316339
1,815,532,1203.755,0.00419101864099503
1,825,528,1203.771,0.0041626775637269
1,835,524,1203.788,0.00420767068862915
1,843,522,1203.805,0.00419853767380118
1,849,519,1203.821,0.0041865692473948
1,854,517,1203.838,0.00417323503643274
1,859,516,1203.854,0.00420369347557426
1,865,514,1203.871,0.0042081824503839
1,871,511,1203.888,0.00419514533132315
1,876,508,1203.904,0.00416649971157312
1,880,505,1203.921,0.00417653564363718
1,890,499,1203.938,0.00421058107167482
1,892,497,1203.954,0.00420232443138957
1,889,497,1203.971,0.00424878625199199
1,896,495,1203.988,0.00421983422711492
1,904,495,1204.004,0.00420756032690406
1,911,493,1204.021,0.00419971020892262
1,916,490,1204.038,0.00416201585903764
1,921,488,1204.054,0.00422473065555096
1,927,487,1204.071,0.00422764709219337
1,932,487,1204.088,0.00422042887657881
1,937,488,1204.104,0.00421050377190113
1,941,488,1204.121,0.00423032976686955
1,945,489,1204.138,0.00425683427602053
1,954,490,1204.154,0.00425860099494457
1,959,491,1204.171,0.00426211440935731
1,962,491,1204.188,0.00426748814061284
1,964,493,1204.204,0.00428206147626042
1,965,496,1204.221,0.00427542068064213
1,968,499,1204.238,0.00426391744986176
1,972,502,1204.254,0.00422827992588282
1,980,502,1204.271,0.00419485522434115
1,985,502,1204.288,0.00415373407304287
1,995,500,1204.304,0.0041707893833518
1,1002,498,1204.321,0.00415801210328937
1,1007,496,1204.338,0.00416223471984267
1,1012,495,1204.354,0.00415351614356041
1,1017,496,1204.371,0.00414994172751904
1,1021,496,1204.388,0.00413478771224618
1,1023,496,1204.404,0.00413353834301233
1,1025,496,1204.421,0.00413492880761623
1,1025,497,1204.438,0.00413246592506766
1,1025,499,1204.454,0.00411631260067225
1,1026,500,1204.471,0.00411048904061317
1,1025,500,1204.488,0.00411392329260707
1,1026,500,1204.504,0.00410679308697581
1,1028,500,1204.521,0.00410191714763641
1,1032,497,1204.538,0.00410182075574994
1,1037,494,1204.554,0.00409663841128349
1,1042,492,1204.571,0.00409208796918392
1,1048,489,1204.588,0.00407694093883038
1,1053,487,1204.604,0.0040815114043653
1,1059,487,1204.621,0.00408020708709955
1,1063,487,1204.638,0.00408096797764301
1,1068,487,1204.654,0.0040734214708209
1,1073,487,1204.671,0.00405863905325532
1,1078,486,1204.688,0.00404824269935489
1,1083,484,1204.704,0.00404697563499212
1,1086,484,1204.721,0.00405061570927501
1,1091,483,1204.738,0.00403570616617799
1,1096,481,1204.754,0.00403010798618197
1,1104,478,1204.771,0.00401620846241713
1,1105,478,1204.787,0.00403584772720933
1,1109,477,1204.804,0.00402232073247433
1,1111,476,1204.821,0.00403973832726479
1,1115,474,1204.837,0.0040748929604888
1,1119,474,1204.854,0.00409460114315152
1,1123,474,1204.871,0.00406934134662151
1,1126,474,1204.887,0.00406519789248705
1,1129,474,1204.904,0.00404739240184426
1,1130,474,1204.921,0.00404324987903237
1,1129,474,1204.937,0.00403449265286326
1,1127,475,1204.954,0.00406587729230523
1,1125,475,1204.971,0.00406877417117357
1,1123,475,1204.987,0.00407766085118055
1,1122,475,1205.004,0.00408558687195182
1,1123,476,1205.021,0.00409740675240755
1,1123,476,1205.037,0.00410442287102342
1,1125,475,1205.054,0.00409091729670763
1,1126,474,1205.071,0.00409625144675374
1,1128,474,1205.087,0.00410963920876384
1,1130,475,1205.104,0.00410837214440107
1,1134,475,1205.121,0.00411127228289843
1,1139,476,1205.137,0.00410700822249055
1,1145,476,1205.154,0.00411469815298915
1,1150,474,1205.171,0.00414554262533784
1,1156,472,1205.187,0.00417142687365413
1,1159,473,1205.204,0.00410261377692223
1,1115,498,1205.221,0
1,1121,504,1205.237,0
-1,NaN,NaN,1205.254,0
-1,NaN,NaN,1205.271,0
-1,NaN,NaN,1205.287,0
-1,NaN,NaN,1205.304,0
-1,NaN,NaN,1205.321,0
-1,NaN,NaN,1205.337,0.00379256205633283
-1,NaN,NaN,1205.354,0
-1,NaN,NaN,1205.371,0
-1,NaN,NaN,1205.387,0
-1,NaN,NaN,1205.404,0
1,738,466,1205.421,0
1,737,465,1205.437,0
1,545,482,1205.454,0.00391703471541405
1,1132,641,1205.471,0.00404136534780264
-1,NaN,NaN,1205.487,0.00412899302318692
-1,NaN,NaN,1205.504,0.00420581689104438
-1,NaN,NaN,1205.521,0.00426083756610751
-1,NaN,NaN,1205.537,0.00428985944017768
-1,NaN,NaN,1205.554,0.00427810335531831
-1,NaN,NaN,1205.571,0.0042718150652945
1,1277,504,1205.587,0.00427280552685261
1,1277,504,1205.604,0.00431192759424448
1,1277,503,1205.621,0.00430973526090384
1,1277,503,1205.637,0.00436447095125914
1,1278,503,1205.654,0.00429248670116067
1,1279,503,1205.671,0.0042442218400538
1,1278,503,1205.687,0.00424913177266717
1,1278,503,1205.704,0.0042612818069756
1,1278,503,1205.721,0.00427911896258593
1,1278,503,1205.737,0.00429169461131096
1,1279,504,1205.754,0.00426746997982264
1,1279,503,1205.771,0.00425403797999024
1,1272,492,1205.787,0.00426202826201916
1,1268,484,1205.804,0.00426851958036423
1,1237,483,1205.821,0.004266073461622
1,769,528,1205.837,0.00423731608316302
1,569,584,1205.854,0.00417491281405091
1,431,573,1205.87,0.00416353484615684
1,429,572,1205.887,0.00414422526955605
1,426,571,1205.904,0.00413919566199183
1,425,570,1205.92,0.00412800395861268
1,425,569,1205.937,0.00411558896303177
1,425,568,1205.954,0.00409332942217588
1,420,566,1205.97,0.00407939031720161
1,415,563,1205.987,0.00406720489263535
1,413,561,1206.004,0.00405286718159914
1,411,560,1206.02,0.0040396680124104
1,409,559,1206.037,0.00402396405115724
1,406,557,1206.054,0.00401497446000576
1,404,557,1206.07,0.00404998287558556
1,404,557,1206.087,0.00404084706678987
1,405,556,1206.104,0.00402357149869204
1,406,554,1206.12,0.00401250179857016
1,408,554,1206.137,0.00402709608897567
1,411,553,1206.154,0.00406177155673504
1,415,553,1206.17,0.00405749352648854
1,419,554,1206.187,0.0040431353263557
1,425,554,1206.203,0.00403158413246274
1,431,554,1206.22,0.0040503516793251
1,437,553,1206.237,0.00405105855315924
1,442,552,1206.253,0.00403378996998072
1,446,552,1206.27,0.00399339757859707
1,451,553,1206.287,0.00399162992835045
1,454,554,1206.303,0.00396016472950578
1,457,553,1206.32,0.00397427985444665
1,459,554,1206.337,0.00397329311817884
1,463,554,1206.353,0.00399410957470536
1,468,555,1206.37,0.00400581955909729
1,474,556,1206.387,0.0040006716735661
1,478,557,1206.403,0.00399923929944634
1,483,558,1206.42,0.00400378927588463
1,488,559,1206.437,0.00402055494487286
1,493,561,1206.453,0.00402368139475584
1,497,561,1206.47,0.0040176403708756
1,498,560,1206.487,0.00400981493294239
1,498,561,1206.503,0.00399325089529157
1,497,561,1206.52,0.00398797541856766
1,495,560,1206.537,0.00397659745067358
1,494,560,1206.553,0.00402080547064543
1,494,562,1206.57,0.00404167175292969
1,492,563,1206.587,0.00403319299221039
1,491,565,1206.603,0.00404217187315226
1,489,566,1206.62,0.00402916083112359
1,489,567,1206.637,0.00402235984802246
1,489,568,1206.653,0.00401785457506776
1,489,569,1206.67,0.00401853956282139
1,487,571,1206.687,0.00402919296175241
1,485,572,1206.703,0.00401962036266923
1,483,572,1206.72,0.00402455730363727
1,482,571,1206.737,0.00400857115164399
1,481,570,1206.753,0.0040148701518774
1,479,569,1206.77,0.0040220320224762
1,480,568,1206.787,0.00404566619545221
1,481,569,1206.803,0.00406111404299736
1,483,571,1206.82,0.00407498376443982
1,485,573,1206.837,0.00408002454787493
1,488,573,1206.853,0.00406620232388377
1,490,574,1206.87,0.00409193662926555
1,493,575,1206.887,0.0041188457980752
1,496,575,1206.903,0.00411895662546158
1,499,573,1206.92,0.00412876717746258
1,502,573,1206.937,0.00414991145953536
1,505,573,1206.953,0.00417803321033716
1,509,573,1206.97,0.00418148515745997
1,513,574,1206.987,0.00415994180366397
1,517,573,1207.003,0.00414710724726319
1,522,571,1207.02,0.00413953606039286
1,527,569,1207.037,0.00413587270304561
1,532,568,1207.053,0.00414797570556402
1,539,567,1207.07,0.0041686687618494
1,546,566,1207.087,0.00415793573483825
1,553,564,1207.103,0.00413814419880509
1,558,560,1207.12,0.00409182906150818
1,562,556,1207.137,0.00408919714391232
1,567,551,1207.153,0.00412663863971829
1,570,547,1207.17,0.00413432763889432
1,574,545,1207.187,0.00413236394524574
1,578,542,1207.203,0.0041114347986877
1,582,539,1207.22,0.00409317249432206
1,586,536,1207.237,0.00414309557527304
1,591,536,1207.253,0.00416738539934158
1,595,536,1207.27,0.00415307376533747
1,600,535,1207.287,0.00414378102868795
1,606,533,1207.303,0.00414376286789775
1,613,532,1207.32,0.00416584499180317
1,621,532,1207.337,0.00415107188746333
1,629,532,1207.353,0.0041431481949985
1,636,532,1207.37,0.00414554122835398
1,642,532,1207.387,0.00412313267588615
1,646,533,1207.403,0.00410974165424705
1,648,533,1207.42,0.00407287245616317
1,650,534,1207.437,0.00410333881154656
1,652,537,1207.453,0.00411190558224916
1,654,541,1207.47,0.00410541193559766
1,657,545,1207.487,0.00410587061196566
1,662,549,1207.503,0.00412003509700298
1,667,551,1207.52,0.00414287485182285
1,673,553,1207.537,0.00415274407714605
1,678,555,1207.553,0.00413102889433503
1,683,555,1207.57,0.00415192637592554
1,688,556,1207.587,0.00414407346397638
1,695,555,1207.603,0.0041314591653645
1,702,555,1207.62,0.00414091581478715
1,707,556,1207.637,0.00416277488693595
1,712,556,1207.653,0.00417040521278977
1,716,557,1207.67,0.00414789421483874
1,722,557,1207.686,0.00415461836382747
1,727,558,1207.703,0.00418333616107702
1,733,559,1207.72,0.00419554160907865
1,740,559,1207.736,0.00421309377998114
1,747,560,1207.753,0.00421644421294332
1,753,562,1207.77,0.00422836374491453
1,760,563,1207.786,0.00424210727214813
1,765,563,1207.803,0.00425762496888638
1,770,562,1207.82,0.00426822016015649
1,774,561,1207.836,0.00426837429404259
1,777,561,1207.853,0.00427291076630354
1,780,562,1207.87,0.00426261173561215
1,783,563,1207.886,0.00428263517096639
1,786,564,1207.903,0.00428813463076949
1,789,564,1207.92,0.00429897010326386
1,790,564,1207.936,0.00430579949170351
1,791,563,1207.953,0.00431919889524579
1,792,563,1207.97,0.00431821122765541
1,792,564,1207.986,0.00432015396654606
1,791,564,1208.003,0.00431439140811563
1,790,563,1208.02,0.00430369982495904
1,788,561,1208.036,0.00427367957308888
1,787,559,1208.053,0.00425791786983609
1,786,558,1208.069,0.00431150384247303
1,787,557,1208.086,0.0043151406571269
1,787,555,1208.103,0.00432453164830804
1,790,552,1208.12,0.00427492242306471
1,793,549,1208.136,0.00427230959758163
1,796,547,1208.153,0.00431359000504017
1,799,547,1208.17,0.00433719996362925
1,802,548,1208.186,0.00433605350553989
1,804,549,1208.203,0.0043437397107482
1,804,549,1208.219,0.00433805724605918
1,805,549,1208.236,0.00433055125176907
1,806,549,1208.253,0.00433030165731907
1,808,550,1208.269,0.00433016382157803
1,811,550,1208.286,0.00432167248800397
1,814,551,1208.303,0.00431783078238368
1,815,552,1208.319,0.00430107163265347
1,815,554,1208.336,0.00428740400820971
1,816,554,1208.353,0.0042647966183722
1,815,556,1208.369,0.0042725894600153
1,815,558,1208.386,0.00428006798028946
1,813,559,1208.403,0.00428781937807798
1,812,560,1208.419,0.00428922474384308
1,810,560,1208.436,0.00429645273834467
1,807,563,1208.453,0.00430355034768581
1,804,566,1208.469,0.00431165518239141
1,800,569,1208.486,0.00431838305667043
1,795,570,1208.503,0.00430851150304079
1,791,569,1208.519,0.00431395461782813
1,789,569,1208.536,0.00431531155481935
1,787,570,1208.553,0.00433127395808697
1,785,571,1208.569,0.00433588400483131
1,783,571,1208.586,0.00433767307549715
1,781,571,1208.603,0.00431607477366924
1,778,570,1208.619,0.00430047884583473
1,776,569,1208.636,0.00430531101301312
1,775,567,1208.653,0.00433170422911644
1,776,564,1208.669,0.00433310912922025
1,778,564,1208.686,0.00434653135016561
1,781,564,1208.703,0.00434978818520904
1,785,565,1208.719,0.00432024989277124
1,790,566,1208.736,0.00429859617725015
1,795,569,1208.753,0.00431768735870719
1,799,570,1208.769,0.00431139580905437
1,802,571,1208.786,0.00432499591261148
1,803,572,1208.803,0.00431635836139321
1,806,573,1208.819,0.00430501392111182
1,809,574,1208.836,0.00430497899651527
1,813,575,1208.853,0.00430628098547459
1,818,577,1208.869,0.00431545358151197
1,825,579,1208.886,0.00434851692989469
1,830,579,1208.903,0.0043385149911046
1,834,580,1208.919,0.00434166239574552
1,838,582,1208.936,0.00428057601675391
1,843,584,1208.953,0.00423680245876312
1,850,587,1208.969,0.00422474695369601
1,855,589,1208.986,0.00421079574152827
1,859,592,1209.003,0.00419033877551556
1,863,595,1209.019,0.00419727526605129
1,867,596,1209.036,0.00420485623180866
1,871,596,1209.053,0.00422175927087665
1,875,595,1209.069,0.0042459131218493
1,878,594,1209.086,0.00425433227792382
1,881,594,1209.103,0.00425739819183946
1,885,595,1209.119,0.004218356218189
1,892,594,1209.136,0.00424602068960667
1,899,592,1209.153,0.00425145728513598
1,908,589,1209.169,0.00424525840207934
1,916,585,1209.186,0.00421938253566623
1,922,582,1209.203,0.00424478808417916
1,962,606,1209.219,0
-1,NaN,NaN,1209.236,0
-1,NaN,NaN,1209.253,0
-1,NaN,NaN,1209.269,0
-1,NaN,NaN,1209.286,0
-1,NaN,NaN,1209.303,0
-1,NaN,NaN,1209.319,0
-1,NaN,NaN,1209.336,0
-1,NaN,NaN,1209.352,0
1,356,493,1209.369,0.00461909268051386
1,356,494,1209.386,0.00461563933640718
1,355,495,1209.402,0.00457427510991693
1,355,495,1209.419,0.00453289551660419
1,355,495,1209.436,0.00428079441189766
1,783,438,1209.452,0.00423399219289422
1,780,451,1209.469,0.00423943810164928
1,1089,428,1209.486,0.0041732182726264
1,1050,575,1209.502,0.00411082664504647
1,1018,571,1209.519,0.00411634519696236
1,1018,573,1209.536,0.00415402138605714
1,1012,584,1209.552,0.00419163098558784
1,1010,574,1209.569,0.00420311698690057
1,1008,575,1209.586,0.00415100436657667
1,1003,564,1209.602,0.00415370101109147
1,1001,559,1209.619,0.00421020854264498
1,998,556,1209.636,0.00422314740717411
1,998,554,1209.652,0.00425533624365926
1,993,551,1209.669,0.00425050826743245
1,994,551,1209.686,0.00428217044100165
1,1000,548,1209.702,0.00430029211565852
1,1002,544,1209.719,0.00429442152380943
1,1008,554,1209.736,0.00426564551889896
1,1010,554,1209.752,0.00425509922206402
1,1012,555,1209.769,0.00427989987656474
1,1014,556,1209.786,0.00428283587098122
1,1016,554,1209.802,0.00426932470872998
1,1018,550,1209.819,0.00425689062103629
1,1021,544,1209.836,0.00423953216522932
1,1024,539,1209.852,0.0042216177098453
1,1026,534,1209.869,0.00419517327100039
1,1028,530,1209.886,0.00416740169748664
1,1030,527,1209.902,0.0041305385529995
1,1030,526,1209.919,0.0041007325053215
1,1032,525,1209.936,0.00409091589972377
1,1031,523,1209.952,0.00405243784189224
1,1032,519,1209.969,0.0040297619998455
1,1031,516,1209.986,0.00404225056990981
1,1030,514,1210.002,0.00401078583672643
1,1028,510,1210.019,0.00400794483721256
1,1026,505,1210.036,0.00397120742127299
1,1023,500,1210.052,0.00396637711673975
1,1021,495,1210.069,0.00396051909774542
1,1018,490,1210.086,0.00394228473305702
1,1017,485,1210.102,0.00392887182533741
1,1014,480,1210.119,0.00392204849049449
1,1013,475,1210.136,0.0039304718375206
1,1011,472,1210.152,0.00394947407767177
1,1009,468,1210.169,0.00394900375977159
1,1007,465,1210.186,0.00397138530388474
1,1003,464,1210.202,0.00395727809518576
1,999,464,1210.219,0.00396560737863183
1,995,463,1210.236,0.00392618635669351
1,994,461,1210.252,0.00389940291643143
1,994,460,1210.269,0.00389642757363617
1,996,459,1210.286,0.00389104220084846
1,999,460,1210.302,0.00389207387343049
1,1003,459,1210.319,0.00391925266012549
1,1010,457,1210.336,0.0039306771941483
1,1016,457,1210.352,0.00391462724655867
1,1026,457,1210.369,0.00390626862645149
1,1030,456,1210.386,0.00390199408866465
1,1035,456,1210.402,0.00390531402081251
1,1039,457,1210.419,0.0039019372779876
1,1042,457,1210.436,0.00389951094985008
1,1045,458,1210.452,0.00389960338361561
1,1048,459,1210.469,0.00391672272235155
1,1051,461,1210.485,0.00393602019175887
1,1053,463,1210.502,0.00395883899182081
1,1056,463,1210.519,0.00397466355934739
1,1060,464,1210.535,0.00397084932774305
1,1067,464,1210.552,0.00396490655839443
1,1074,464,1210.569,0.00396526418626308
1,1081,465,1210.585,0.00398796098306775
1,1087,466,1210.602,0.00402445439249277
1,1092,468,1210.619,0.00404426548629999
1,1097,469,1210.635,0.00405333889648318
1,1101,469,1210.652,0.00405069161206484
1,1104,469,1210.669,0.00405809981748462
1,1105,469,1210.685,0.00408605951815844
1,1107,470,1210.702,0.00410697655752301
1,1110,471,1210.719,0.00410841591656208
1,1114,471,1210.735,0.00409166887402534
1,1118,471,1210.752,0.00408928189426661
1,1123,472,1210.769,0.00409746496006846
1,1128,473,1210.785,0.00411264738067985
1,1133,473,1210.802,0.00410668319091201
1,1139,474,1210.819,0.00413119699805975
1,1148,475,1210.835,0.00413486175239086
1,1150,476,1210.852,0.00414625648409128
1,1153,477,1210.869,0.00412365980446339
1,1157,477,1210.885,0.00412433594465256
1,1161,476,1210.902,0.00412938557565212
1,1163,477,1210.919,0.00417751865461469
1,1164,477,1210.935,0.00421157805249095
1,1160,479,1210.952,0.00418688636273146
1,1161,479,1210.969,0.00423819338902831
1,1161,480,1210.985,0.00420399941504002
1,1161,482,1211.002,0.00415350496768951
1,1161,483,1211.019,0.0041626114398241
1,1167,480,1211.035,0.00417300220578909
1,1167,481,1211.052,0.00417361594736576
1,1168,483,1211.069,0.00418319692835212
1,1159,489,1211.085,0.00416786875575781
1,493,590,1211.102,0.00416052155196667
1,480,587,1211.119,0.00415625795722008
1,478,586,1211.135,0.00415883213281631
1,485,587,1211.152,0.00416980031877756
1,482,587,1211.169,0.00418254686519504
1,469,586,1211.185,0.00415834318846464
1,463,586,1211.202,0.00413217348977923
1,457,586,1211.218,0.00410014344379306
1,452,587,1211.235,0.00410306779667735
1,448,588,1211.252,0.00409131124615669
1,444,589,1211.268,0.00406792759895325
1,440,590,1211.285,0.00403403118252754
1,431,589,1211.302,0.00402883207425475
1,423,588,1211.318,0.0040307049639523
1,419,587,1211.335,0.00402666861191392
1,417,587,1211.352,0.00404023472219706
1,414,588,1211.368,0.00404399260878563
1,410,589,1211.385,0.00402542436495423
1,404,589,1211.402,0.00401375209912658
1,400,588,1211.418,0.00397063558921218
1,396,587,1211.435,0.0039855670183897
1,393,585,1211.452,0.00394126260653138
1,391,585,1211.468,0.00396516965702176
1,389,584,1211.485,0.00395602965727448
1,390,583,1211.502,0.00398732023313642
1,394,581,1211.518,0.00397561304271221
1,400,580,1211.535,0.0039708586409688
1,405,578,1211.552,0.00394276389852166
1,410,576,1211.568,0.00392698450013995
1,415,573,1211.585,0.00396881299093366
1,420,571,1211.602,0.00394773902371526
1,425,568,1211.618,0.00394371245056391
1,432,566,1211.635,0.00389291695319116
1,438,566,1211.652,0.00394240254536271
1,443,566,1211.668,0.00391803774982691
1,448,567,1211.685,0.00396568141877651
1,455,567,1211.702,0.00397036038339138
1,462,568,1211.718,0.00399919459596276
1,469,568,1211.735,0.00401545036584139
1,478,569,1211.752,0.00401737540960312
1,486,569,1211.768,0.00402398593723774
1,494,568,1211.785,0.00398018024861813
1,501,567,1211.802,0.00392785109579563
1,508,567,1211.818,0.00398256443440914
1,513,567,1211.835,0.0040057897567749
1,517,569,1211.852,0.00401294883340597
1,519,571,1211.868,0.00400914577767253
1,523,573,1211.885,0.00399319734424353
1,528,575,1211.902,0.00398876238614321
1,533,577,1211.918,0.00401654001325369
1,537,580,1211.935,0.00404007779434323
1,541,583,1211.952,0.00405774591490626
-1,NaN,NaN,1211.968,0
1,578,641,1211.985,0.00418788706883788
-1,NaN,NaN,1212.002,0.00392939802259207
-1,NaN,NaN,1212.018,0
-1,NaN,NaN,1212.035,0
-1,NaN,NaN,1212.052,0
-1,NaN,NaN,1212.068,0
-1,NaN,NaN,1212.085,0
-1,NaN,NaN,1212.102,0
-1,NaN,NaN,1212.118,0
-1,NaN,NaN,1212.135,0
1,350,531,1212.152,0.0040416200645268
1,350,530,1212.168,0.00387875223532319
1,350,530,1212.185,0.00393779389560223
1,545,514,1212.202,0.00400207564234734
1,700,543,1212.218,0.00404744129627943
1,700,540,1212.235,0.00408069510012865
1,699,537,1212.252,0.00409138901159167
1,696,536,1212.268,0.00407292367890477
1,668,570,1212.285,0.00407701591029763
1,628,623,1212.302,0.00409121997654438
1,635,620,1212.318,0.00410238187760115
1,643,617,1212.335,0.00411743903532624
1,648,615,1212.352,0.00411701202392578
1,653,614,1212.368,0.00412950664758682
1,656,613,1212.385,0.00414917804300785
1,659,611,1212.402,0.00415362231433392
1,661,609,1212.418,0.00416114740073681
1,663,608,1212.435,0.00416125077754259
1,665,607,1212.451,0.00415928568691015
1,666,607,1212.468,0.00416365498676896
1,667,608,1212.485,0.00416903011500835
1,667,608,1212.501,0.00417229393497109
1,667,607,1212.518,0.00415620440617204
1,668,607,1212.535,0.00414214096963406
1,670,605,1212.551,0.00410319725051522
1,672,604,1212.568,0.00409738440066576
1,674,605,1212.585,0.00410039769485593
1,677,605,1212.601,0.0041206325404346
1,680,603,1212.618,0.00412581628188491
1,682,600,1212.635,0.00409380253404379
1,681,598,1212.651,0.00408348347991705
1,679,598,1212.668,0.00409971736371517
1,676,596,1212.685,0.00410058861598372
1,674,595,1212.701,0.00407406780868769
1,673,594,1212.718,0.00405894545838237
1,672,593,1212.735,0.00404751067981124
1,671,591,1212.751,0.00403040228411555
1,670,589,1212.768,0.00405827583745122
1,669,586,1212.785,0.00402434030547738
1,669,584,1212.801,0.00405715964734554
1,672,581,1212.818,0.00398119539022446
1,676,577,1212.835,0.00399559130892158
1,680,575,1212.851,0.00395762361586094
1,683,573,1212.868,0.00401876261457801
1,686,572,1212.885,0.00402712402865291
1,690,570,1212.901,0.00404464080929756
1,693,566,1212.918,0.00395801290869713
1,695,561,1212.935,0.00401390204206109
1,697,559,1212.951,0.00400150148198009
1,699,560,1212.968,0.00401683617383242
1,702,560,1212.985,0.00399775197729468
1,705,559,1213.001,0.00400488683953881
1,709,557,1213.018,0.00395676074549556
1,712,555,1213.035,0.0039617782458663
1,715,554,1213.051,0.0039818212389946
1,719,553,1213.068,0.00400935672223568
1,723,553,1213.084,0.00401335535570979
1,726,552,1213.101,0.00403791153803468
1,728,553,1213.118,0.0040597440674901
1,730,555,1213.134,0.00406380696222186
1,731,556,1213.151,0.00406387913972139
1,732,556,1213.168,0.00401601754128933
1,733,555,1213.184,0.00399170210584998
1,734,554,1213.201,0.00399927422404289
1,734,552,1213.218,0.00398911209776998
1,735,551,1213.234,0.00410200888291001
1,737,553,1213.251,0.00412458414211869
1,740,555,1213.268,0.00412623444572091
1,744,555,1213.284,0.00411195820197463
1,748,554,1213.301,0.00412153359502554
1,751,554,1213.318,0.00411876803264022
1,753,554,1213.334,0.00414352351799607
1,757,555,1213.351,0.00416139559820294
1,761,555,1213.368,0.0041937087662518
1,767,556,1213.384,0.00417556473985314
1,774,555,1213.401,0.00417155073955655
1,780,555,1213.418,0.00418921653181314
1,785,555,1213.434,0.00420332048088312
1,791,553,1213.451,0.00421159109100699
1,796,552,1213.468,0.00420588301494718
1,802,551,1213.484,0.00418272893875837
1,806,550,1213.501,0.00414818059653044
1,811,550,1213.518,0.00418712757527828
1,816,551,1213.534,0.0042163273319602
1,822,552,1213.551,0.0042362748645246
1,826,552,1213.568,0.00424380460754037
1,829,551,1213.584,0.00425935722887516
1,832,550,1213.601,0.00427992781624198
1,835,550,1213.618,0.00429394235834479
1,840,551,1213.634,0.00431537395343184
1,846,551,1213.651,0.00431024190038443
1,854,552,1213.668,0.00429818918928504
1,862,551,1213.684,0.00429370813071728
1,869,551,1213.701,0.00429345667362213
1,873,551,1213.718,0.00427684420719743
1,877,552,1213.734,0.00428443634882569
1,880,553,1213.751,0.00431427918374538
1,884,553,1213.768,0.00430872803553939
1,888,553,1213.784,0.00428731506690383
1,892,552,1213.801,0.00424323882907629
1,897,554,1213.818,0.00428013177588582
1,902,556,1213.834,0.00428671995177865
1,907,558,1213.851,0.00427903234958649
1,913,560,1213.868,0.00423837080597878
1,919,560,1213.884,0.00419295718893409
1,925,560,1213.901,0.00417577754706144
1,931,560,1213.918,0.00418452033773065
1,938,561,1213.934,0.00420605763792992
1,946,560,1213.951,0.00420104619115591
1,956,559,1213.968,0.00418949220329523
1,966,558,1213.984,0.00418838672339916
1,994,553,1214.001,0.00421696901321411
1,1009,551,1214.018,0.00422904780134559
1,1026,547,1214.034,0.00422514649108052
1,1047,544,1214.051,0.00423311628401279
1,1024,553,1214.068,0.00423635542392731
1,1045,549,1214.084,0.00424217013642192
1,1065,542,1214.101,0.00424508051946759
1,1065,545,1214.118,0.00421737274155021
1,1062,548,1214.134,0.00420589884743094
1,1074,546,1214.151,0.00417381711304188
1,1104,541,1214.168,0.00419581588357687
1,1091,541,1214.184,0.00418799463659525
1,1098,541,1214.201,0.00418380321934819
1,1110,540,1214.218,0.00417544180527329
1,1125,538,1214.234,0.00418782839551568
1,1136,537,1214.251,0.0042217168956995
1,1143,536,1214.268,0.00423853378742933
1,1150,534,1214.284,0.00423480477184057
1,1152,534,1214.301,0.00422074506059289
1,1153,534,1214.317,0.00423862831667066
1,1154,534,1214.334,0.00423474330455065
1,1156,535,1214.351,0.00424501486122608
1,1157,535,1214.367,0.00423924718052149
1,1157,536,1214.384,0.00426684878766537
1,1159,535,1214.401,0.00427822675555944
1,1163,535,1214.417,0.00427733873948455
1,1166,534,1214.434,0.00426449906080961
1,1170,533,1214.451,0.00426185736432672
1,1173,533,1214.467,0.0042429156601429
1,1175,533,1214.484,0.00423291698098183
1,1176,534,1214.501,0.00422810483723879
1,1175,535,1214.517,0.00423631211742759
1,1170,536,1214.534,0.00424281507730484
1,1169,535,1214.551,0.00431610550731421
1,1168,534,1214.567,0.00432738522067666
1,1166,534,1214.584,0.00432469975203276
1,1167,534,1214.601,0.0042694746516645
1,1168,535,1214.617,0.00426986999809742
1,1170,535,1214.634,0.00426837103441358
1,1172,534,1214.651,0.00423704367130995
1,1173,533,1214.667,0.00420597800984979
1,1166,535,1214.684,0.00420935451984406
1,807,581,1214.701,0.00424356432631612
1,807,582,1214.717,0.00424644257873297
1,808,582,1214.734,0.00422827852889895
1,463,636,1214.751,0.00422902777791023
1,464,635,1214.767,0.00421202788129449
1,464,634,1214.784,0.00419925386086106
1,462,634,1214.801,0.00416952557861805
1,458,634,1214.817,0.00415694853290915
1,453,633,1214.834,0.00413342239335179
1,448,632,1214.851,0.00413225637748837
1,444,633,1214.867,0.00412836158648133
1,441,633,1214.884,0.00412992993369699
1,432,634,1214.901,0.0040997457690537
1,425,634,1214.917,0.00409604329615831
1,420,634,1214.934,0.00410844851285219
1,419,635,1214.951,0.00411883275955915
1,418,635,1214.967,0.00412023440003395
1,417,636,1214.984,0.00413008499890566
1,414,637,1215.001,0.00413050642237067
1,411,638,1215.017,0.00413809902966022
1,406,639,1215.034,0.0041227713227272
1,401,640,1215.051,0.00411617942154408
1,397,641,1215.067,0.0040994556620717
1,394,641,1215.084,0.00408166833221912
1,389,641,1215.101,0.00407735118642449
1,384,640,1215.117,0.00408338429406285
1,381,639,1215.134,0.00410639587789774
1,379,638,1215.151,0.00411047507077456
1,380,638,1215.167,0.00411523040384054
1,381,638,1215.184,0.00412240577861667
1,383,637,1215.201,0.00411998759955168
1,386,635,1215.217,0.00411976547911763
1,387,633,1215.234,0.00409753900021315
1,389,633,1215.251,0.00408903183415532
1,390,634,1215.267,0.0041248332709074
1,392,634,1215.284,0.00415888382121921
1,394,634,1215.301,0.00416983896866441
1,396,635,1215.317,0.00415743328630924
1,399,634,1215.334,0.0041457824409008
1,401,633,1215.351,0.00413582660257816
1,404,631,1215.367,0.00416355160996318
1,408,631,1215.384,0.00414902111515403
1,413,630,1215.401,0.00417534541338682
1,417,630,1215.417,0.00412144605070353
1,422,630,1215.434,0.0041392701677978
1,427,632,1215.451,0.0041330331005156
1,435,633,1215.467,0.00414824951440096
1,444,635,1215.484,0.00415589520707726
1,452,635,1215.5,0.00416767271235585
1,459,636,1215.517,0.00418373709544539
1,463,636,1215.534,0.00417082104831934
1,469,638,1215.551,0.00416473858058453
1,473,640,1215.567,0.00418457482010126
1,479,641,1215.584,0.00421307142823935
1,482,642,1215.601,0.00422095507383347
1,485,643,1215.617,0.00419627316296101
1,488,643,1215.634,0.00419794116169214
1,492,644,1215.651,0.00418367935344577
1,495,645,1215.667,0.00418687565252185
1,501,648,1215.684,0.00419044774025679
1,505,649,1215.701,0.00420208321884274
1,511,651,1215.717,0.0042192111723125
1,518,650,1215.734,0.00419426895678043
1,527,650,1215.751,0.00422936864197254
1,535,650,1215.767,0.0042161070741713
1,541,650,1215.784,0.00421631569042802
1,545,649,1215.8,0.00419045984745026
1,547,649,1215.817,0.00420648558065295
1,550,649,1215.834,0.00420922134071589
1,555,649,1215.85,0.0042268424294889
1,561,649,1215.867,0.0042434991337359
1,567,649,1215.884,0.00426305504515767
1,573,647,1215.9,0.00425091153010726
1,578,644,1215.917,0.00426340382546186
1,584,643,1215.934,0.00426217215135694
1,593,641,1215.95,0.00426778942346573
1,603,640,1215.967,0.00426342664286494
1,614,639,1215.984,0.00427490379661322
1,625,639,1216,0.0042773992754519
1,634,639,1216.017,0.00429677311331034
1,641,639,1216.034,0.0043101548217237
1,647,639,1216.05,0.00429478194564581
1,651,641,1216.067,0.00428066775202751
1,654,642,1216.084,0.00427082227542996
1,658,643,1216.1,0.00427995529025793
1,662,643,1216.117,0.00427758693695068
1,667,644,1216.134,0.00427854247391224
1,672,644,1216.15,0.00427959626540542
1,678,645,1216.167,0.00431737489998341
1,682,644,1216.184,0.00432327063754201
1,687,644,1216.2,0.00434768619015813
1,691,645,1216.217,0.00432447716593742
1,697,645,1216.234,0.00431603426113725
1,704,645,1216.25,0.00427671987563372
1,711,644,1216.267,0.00427333079278469
1,717,643,1216.283,0.00427697086706758
1,720,643,1216.3,0.00428761122748256
1,723,644,1216.317,0.0042853388004005
1,727,644,1216.333,0.00428469385951757
1,731,645,1216.35,0.0042833024635911
1,735,645,1216.367,0.00426432397216558
1,739,646,1216.383,0.00425421912223101
1,742,646,1216.4,0.0042518675327301
1,746,645,1216.417,0.00425809063017368
1,751,643,1216.433,0.00425588525831699
1,756,642,1216.45,0.0042541055008769
1,760,641,1216.467,0.00424531241878867
1,764,639,1216.483,0.00423950469121337
1,770,638,1216.5,0.00425067869946361
1,778,636,1216.517,0.00425603147596121
1,787,634,1216.533,0.00426236260682344
1,797,632,1216.55,0.00423563364893198
1,807,630,1216.567,0.00422462075948715
1,818,627,1216.583,0.00419334974139929
1,828,625,1216.6,0.00425493810325861
1,837,623,1216.617,0.00425173761323094
1,845,620,1216.633,0.00430299900472164
1,854,617,1216.65,0.00430232007056475
1,870,611,1216.667,0.00430388376116753
1,869,612,1216.683,0.00428082700818777
1,881,607,1216.7,0.00426225597038865
1,887,606,1216.717,0.00424333708360791
1,896,602,1216.733,0.00421496154740453
1,904,597,1216.75,0.00419887434691191
1,911,590,1216.767,0.00418228888884187
1,916,584,1216.783,0.00421579694375396
1,922,578,1216.8,0.0042215883731842
1,927,574,1216.817,0.00422986689954996
1,931,568,1216.833,0.00420436542481184
1,934,563,1216.85,0.00418944982811809
1,934,558,1216.867,0.00420063827186823
1,932,554,1216.883,0.00421194592490792
1,930,549,1216.9,0.00423021335154772
1,928,546,1216.917,0.0042079845443368
1,928,541,1216.933,0.00419545127078891
1,929,536,1216.95,0.00414588861167431
1,934,528,1216.967,0.00414963997900486
1,937,523,1216.983,0.0041082976385951
1,931,519,1217,0.00410104263573885
1,973,495,1217.017,0.00408322550356388
1,937,507,1217.033,0.00407347641885281
1,958,497,1217.05,0.0040599862113595
1,1047,467,1217.067,0.0040515917353332
1,1044,464,1217.083,0.00405049696564674
1,1107,445,1217.1,0.00404315209016204
1,1107,443,1217.117,0.00402755523100495
1,1075,452,1217.133,0.00405485741794109
1,1071,452,1217.15,0.00408303504809737
1,1108,441,1217.167,0.00404461147263646
1,1109,441,1217.183,0.004024688154459
1,1081,450,1217.2,0.00402713986113667
1,1084,446,1217.217,0.00407041376456618
1,1088,443,1217.233,0.00410217978060246
1,1080,445,1217.25,0.00409980025142431
1,1088,443,1217.267,0.00408723065629601
1,1098,441,1217.283,0.00406192103400826
1,987,480,1217.3,0.00407718261703849
1,976,490,1217.317,0.00406651943922043
1,976,490,1217.333,0.00406415667384863
1,801,515,1217.35,0.00398451089859009
1,794,506,1217.367,0.00435004569590092
1,761,480,1217.383,0.0047433222644031
1,800,526,1217.4,0.00512982020154595
1,892,755,1217.417,0.00475149042904377
-1,NaN,NaN,1217.433,0
-1,NaN,NaN,1217.45,0
-1,NaN,NaN,1217.466,0
-1,NaN,NaN,1217.483,0
-1,NaN,NaN,1217.5,0
-1,NaN,NaN,1217.516,0
-1,NaN,NaN,1217.533,0
-1,NaN,NaN,1217.55,0
1,355,513,1217.566,0.00409115757793188
1,355,513,1217.583,0.00400892598554492
1,355,513,1217.6,0.00408969633281231
1,548,497,1217.616,0.00411016866564751
1,548,498,1217.633,0.00412293523550034
1,541,505,1217.65,0.00408903928473592
1,480,564,1217.666,0.00407734932377934
1,578,557,1217.683,0.00410163821652532
1,572,548,1217.7,0.00413504289463162
1,551,542,1217.716,0.00412840256467462
1,535,538,1217.733,0.0041340347379446
1,523,536,1217.75,0.00416160654276609
1,513,534,1217.766,0.00417524436488748
1,504,533,1217.783,0.00418676296249032
1,481,522,1217.8,0.00416679307818413
1,474,521,1217.816,0.00416038325056434
1,469,519,1217.833,0.00419819774106145
1,460,520,1217.849,0.00421182531863451
1,457,520,1217.866,0.00420847861096263
1,450,521,1217.883,0.00421100109815598
1,449,518,1217.899,0.00421344628557563
1,444,516,1217.916,0.00420282874256372
1,439,515,1217.933,0.00419752672314644
1,439,514,1217.949,0.00418300554156303
1,435,514,1217.966,0.00416912557557225
1,424,513,1217.983,0.00416096346452832
1,419,514,1217.999,0.00415297085419297
1,412,513,1218.016,0.00414459267631173
1,408,513,1218.033,0.00412560952827334
1,408,514,1218.049,0.00411734404042363
1,407,513,1218.066,0.00410445919260383
1,407,509,1218.083,0.00405638758093119
1,406,505,1218.099,0.00404664129018784
1,405,501,1218.116,0.0040361201390624
1,403,498,1218.133,0.00402537686750293
1,401,496,1218.149,0.00401317281648517
1,398,493,1218.166,0.00401120679453015
1,396,490,1218.183,0.00400199647992849
1,394,488,1218.199,0.00399729469791055
1,391,485,1218.216,0.00398503104224801
1,389,482,1218.233,0.00397987058386207
1,387,478,1218.249,0.00400143628939986
1,386,475,1218.266,0.00400661863386631
1,386,471,1218.283,0.00400255993008614
1,386,467,1218.299,0.00397451827302575
1,385,463,1218.316,0.00396301643922925
1,385,459,1218.333,0.00398026965558529
1,383,455,1218.349,0.00397699046880007
1,382,450,1218.366,0.00397677719593048
1,382,448,1218.383,0.00395917939022183
1,382,446,1218.4,0.00395910022780299
1,381,447,1218.416,0.00394747126847506
1,379,447,1218.433,0.00395600730553269
1,380,447,1218.45,0.00394652551040053
1,384,448,1218.466,0.00400131056085229
1,389,449,1218.483,0.00403604516759515
1,395,451,1218.5,0.0040711397305131
1,401,452,1218.517,0.0040631489828229
1,407,453,1218.533,0.00405519688501954
1,413,452,1218.55,0.00401834165677428
1,418,453,1218.567,0.0040130871348083
1,421,455,1218.583,0.00401382287964225
1,424,458,1218.6,0.0040309033356607
1,429,459,1218.617,0.00404142681509256
1,434,461,1218.633,0.0039959829300642
1,439,461,1218.65,0.00400514760985971
1,444,463,1218.667,0.00404738029465079
1,451,465,1218.684,0.00404372764751315
1,456,466,1218.7,0.00402828445658088
1,461,466,1218.717,0.00398265291005373
1,466,466,1218.734,0.00400618324056268
1,472,466,1218.75,0.00402095960453153
1,477,466,1218.767,0.00402960414066911
1,481,467,1218.784,0.00403002463281155
1,484,466,1218.8,0.00404802849516273
1,488,465,1218.817,0.00405724020674825
1,492,464,1218.834,0.00409215968102217
1,496,464,1218.85,0.00411102175712585
1,499,466,1218.867,0.00415544956922531
1,503,468,1218.884,0.00414641387760639
1,508,467,1218.9,0.00412996811792254
1,513,466,1218.917,0.00409636041149497
1,517,465,1218.934,0.00410986458882689
1,520,464,1218.95,0.00410079443827271
1,523,464,1218.967,0.00408661458641291
1,526,465,1218.984,0.00407666666433215
1,529,465,1219.001,0.00414930144324899
1,531,467,1219.017,0.00418126489967108
1,534,468,1219.034,0.00419388944283128
1,537,471,1219.05,0.00419505033642054
1,541,474,1219.067,0.0041813338175416
1,546,475,1219.084,0.00417491514235735
1,552,476,1219.1,0.00418186513707042
1,559,478,1219.117,0.00418121693655849
1,565,479,1219.134,0.00418489892035723
1,567,480,1219.15,0.00415771640837193
1,568,480,1219.167,0.00420789932832122
1,569,480,1219.184,0.00422982359305024
1,571,481,1219.2,0.00423870468512177
1,573,482,1219.217,0.00422992650419474
1,576,482,1219.234,0.00422418443486094
1,579,484,1219.25,0.00424431171268225
1,582,485,1219.267,0.00424643605947495
1,584,487,1219.284,0.00423018122091889
1,587,489,1219.3,0.00419488409534097
1,589,490,1219.317,0.00418463256210089
1,591,490,1219.333,0.00419816141948104
1,594,489,1219.35,0.00422646570950747
1,597,488,1219.367,0.00423492770642042
1,602,487,1219.383,0.00421810895204544
1,606,487,1219.4,0.00418440951034427
1,611,487,1219.417,0.00420913007110357
1,615,487,1219.433,0.00420892238616943
1,620,486,1219.45,0.00420137587934732
1,627,488,1219.467,0.00418216548860073
1,634,490,1219.483,0.00418587913736701
1,640,490,1219.5,0.00419872393831611
1,643,490,1219.517,0.00418129190802574
1,647,489,1219.533,0.00417397962883115
1,651,488,1219.55,0.00415240740403533
1,656,487,1219.567,0.00416698353365064
1,660,488,1219.583,0.00418389402329922
1,666,488,1219.6,0.00419386103749275
1,672,489,1219.617,0.00416247826069593
1,682,489,1219.633,0.00415501417592168
1,695,489,1219.65,0.00415161577984691
1,709,490,1219.667,0.00413258047774434
1,721,489,1219.683,0.00412975577637553
1,733,488,1219.7,0.00410925317555666
1,742,487,1219.717,0.00412321416661143
1,750,485,1219.733,0.0041297753341496
1,759,484,1219.75,0.00418999465182424
1,784,482,1219.767,0.00419183261692524
1,792,480,1219.783,0.00419803336262703
1,784,480,1219.8,0.00416663149371743
1,789,479,1219.817,0.00414603389799595
1,802,476,1219.833,0.00412030052393675
1,821,474,1219.85,0.00411330722272396
1,826,473,1219.867,0.00411951681599021
1,826,474,1219.883,0.00413373531773686
1,834,473,1219.9,0.0041476022452116
1,844,473,1219.917,0.00415464211255312
1,854,472,1219.933,0.00416376814246178
1,863,471,1219.95,0.00416075065732002
1,867,472,1219.966,0.00417478661984205
1,869,472,1219.983,0.00417634146288037
1,870,473,1220,0.00417849980294704
1,872,472,1220.017,0.00416856072843075
1,877,472,1220.033,0.00415548030287027
1,882,472,1220.05,0.00413656886667013
1,886,471,1220.067,0.00416065752506256
1,890,471,1220.083,0.00414908351376653
1,894,471,1220.1,0.00414464203640819
1,897,469,1220.116,0.00413006730377674
1,897,470,1220.133,0.00416226498782635
1,893,472,1220.15,0.00419256929308176
1,893,473,1220.166,0.00418842956423759
1,896,473,1220.183,0.00419842731207609
1,901,473,1220.2,0.00412403186783195
1,903,473,1220.216,0.00412642117589712
1,905,473,1220.233,0.00411569001153111
1,904,474,1220.25,0.0041240737773478
1,909,475,1220.266,0.0041201114654541
1,909,476,1220.283,0.00413065170869231
1,914,468,1220.3,0.0041356747969985
1,911,476,1220.316,0.00417024130001664
1,920,463,1220.333,0.00416815374046564
1,594,565,1220.35,0.00419391831383109
1,593,564,1220.366,0.00417676661163569
1,548,586,1220.383,0.00420539313927293
1,419,634,1220.4,0.00419167522341013
1,274,671,1220.416,0.00420113140717149
1,267,673,1220.433,0.00419937679544091
1,273,673,1220.45,0.00418636249378324
1,271,673,1220.466,0.0041720112785697
1,271,673,1220.483,0.00420623831450939
1,270,674,1220.5,0.00421976950019598
1,260,676,1220.516,0.00420166691765189
1,262,678,1220.533,0.00425684498623014
1,268,678,1220.55,0.00431979587301612
1,401,675,1220.566,0.00429047737270594
1,476,657,1220.583,0.00424999184906483
1,545,636,1220.6,0.00422622496262193
1,923,538,1220.616,0.00425359280779958
1,943,526,1220.633,0.00427559576928616
1,950,520,1220.65,0.00428341282531619
1,953,517,1220.666,0.00425838958472013
1,954,515,1220.683,0.0042535369284451
1,957,512,1220.7,0.00424072751775384
1,958,510,1220.716,0.00423190416768193
1,958,507,1220.733,0.0041998908855021
1,958,505,1220.75,0.00419020047411323
1,960,502,1220.766,0.00418085465207696
1,964,499,1220.783,0.00417484249919653
1,967,496,1220.8,0.00415673712268472
1,969,493,1220.816,0.00414469977840781
1,973,486,1220.833,0.00411966908723116
1,971,486,1220.85,0.00412231218069792
1,976,480,1220.866,0.0041212267242372
1,976,478,1220.883,0.00413258699700236
1,976,475,1220.9,0.00412409100681543
1,980,471,1220.916,0.00411404250189662
1,983,465,1220.933,0.004100835416466
1,983,461,1220.949,0.00409535504877567
1,982,458,1220.966,0.00407959194853902
1,980,454,1220.983,0.00406236527487636
1,981,449,1221,0.00404770532622933
1,983,444,1221.016,0.00403772247955203
1,984,441,1221.033,0.00401259772479534
1,986,437,1221.05,0.0039963386952877
1,989,434,1221.066,0.00399405835196376
1,992,432,1221.083,0.00400294922292233
1,996,429,1221.099,0.00402507372200489
1,1001,428,1221.116,0.00401346851140261
1,1007,426,1221.133,0.00400888966396451
1,1014,425,1221.149,0.00400292547419667
1,1021,426,1221.166,0.00399246625602245
1,1027,425,1221.183,0.00396248651668429
1,1032,424,1221.199,0.00393359223380685
1,1036,424,1221.216,0.00393104879185557
1,1044,423,1221.233,0.0039138225838542
1,1046,423,1221.249,0.00390245812013745
1,1051,422,1221.266,0.00387079152278602
1,1058,420,1221.283,0.00387059804052114
1,1064,418,1221.299,0.00386192835867405
1,1071,417,1221.316,0.00384981720708311
1,1077,418,1221.333,0.0038524663541466
1,1083,419,1221.349,0.00384655105881393
1,1088,420,1221.366,0.00385985570028424
1,1094,419,1221.383,0.00385120371356606
1,1102,418,1221.399,0.00385535205714405
1,1111,417,1221.416,0.00386140053160489
1,1119,415,1221.433,0.00387560809031129
1,1125,413,1221.449,0.00388564867898822
1,1128,410,1221.466,0.00388486497104168
1,1133,407,1221.483,0.0038895127363503
1,1139,404,1221.499,0.00390001269988716
1,1144,401,1221.516,0.00390548212453723
1,1158,398,1221.533,0.00390084343962371
1,1158,398,1221.549,0.00390091049484909
1,1168,396,1221.566,0.00393359642475843
1,1179,395,1221.583,0.00395246222615242
1,1184,395,1221.599,0.00396163435652852
1,1183,397,1221.616,0.00395279144868255
1,1186,397,1221.633,0.0039590485394001
1,1197,395,1221.649,0.00396305648609996
1,1199,394,1221.666,0.00394453760236502
1,1199,394,1221.683,0.00397498765960336
1,1204,392,1221.699,0.0040354267694056
1,1209,391,1221.716,0.00399969425052404
1,1212,389,1221.733,0.00400972040370107
1,1211,389,1221.749,0.00401680869981647
1,1210,389,1221.766,0.00403004791587591
1,1210,389,1221.782,0.0040546553209424
1,1210,391,1221.799,0.00406362675130367
1,1208,393,1221.816,0.00407185778021812
1,1070,411,1221.832,0.00405301712453365
1,1068,414,1221.849,0.00406360626220703
1,889,463,1221.866,0.00402825186029077
1,886,464,1221.882,0.00405408255755901
1,884,465,1221.899,0.00408448232337832
1,881,467,1221.916,0.0040700607933104
1,873,471,1221.932,0.0041365516372025
1,872,471,1221.949,0.00415981793776155
